--- one complete scan of 0 to 640 angles
>>>>>>>>>>>>>>>>>>>>>>>>>>>>>>>>>>>>>>>>>>
2279.26559056 337.911571167 2825.85368203 1337.91157117
2292 360 True 0.866565824025
2279.26559056 337.911571167 2823.79957882 1337.91157117
2292 360 True 0.866565824025
2279.26559056 337.911571167 2821.74901373 1337.91157117
2292 361 True 0.895265774988
2279.26559056 337.911571167 2819.70196737 1337.91157117
2292 361 True 0.895265774988
2279.26559056 337.911571167 2817.65842047 1337.91157117
2292 361 True 0.895265774988
2279.26559056 337.911571167 2815.61835384 1337.91157117
2292 361 True 0.895265774988
2279.26559056 337.911571167 2813.5817484 1337.91157117
2292 361 True 0.895265774988
2279.26559056 337.911571167 2811.54858517 1337.91157117
2292 361 True 0.895265774988
2279.26559056 337.911571167 2809.51884527 1337.91157117
2292 361 True 0.895265774988
2279.26559056 337.911571167 2807.49250992 1337.91157117
2292 361 True 0.895265774988
2279.26559056 337.911571167 2805.46956041 1337.91157117
2292 361 True 0.895265774988
2279.26559056 337.911571167 2803.44997818 1337.91157117
2292 361 True 0.895265774988
2279.26559056 337.911571167 2801.4337447 1337.91157117
2292 361 True 0.895265774988
2279.26559056 337.911571167 2799.4208416 1337.91157117
2292 362 True 0.924238588451
2279.26559056 337.911571167 2797.41125055 1337.91157117
2292 362 True 0.924238588451
2279.26559056 337.911571167 2795.40495334 1337.91157117
2292 362 True 0.924238588451
2279.26559056 337.911571167 2793.40193185 1337.91157117
2292 362 True 0.924238588451
2279.26559056 337.911571167 2791.40216806 1337.91157117
2292 362 True 0.924238588451
2279.26559056 337.911571167 2789.40564402 1337.91157117
2292 362 True 0.924238588451
2279.26559056 337.911571167 2787.41234189 1337.91157117
2292 362 True 0.924238588451
2279.26559056 337.911571167 2785.4222439 1337.91157117
2292 362 True 0.924238588451
2279.26559056 337.911571167 2783.4353324 1337.91157117
2292 362 True 0.924238588451
2279.26559056 337.911571167 2781.45158979 1337.91157117
2292 362 True 0.924238588451
2279.26559056 337.911571167 2779.47099858 1337.91157117
2292 363 True 0.953459390284
2279.26559056 337.911571167 2777.49354138 1337.91157117
2292 363 True 0.953459390284
2279.26559056 337.911571167 2775.51920086 1337.91157117
2292 363 True 0.953459390284
2279.26559056 337.911571167 2773.54795978 1337.91157117
2292 363 True 0.953459390284
2279.26559056 337.911571167 2771.579801 1337.91157117
2292 363 True 0.953459390284
2279.26559056 337.911571167 2769.61470745 1337.91157117
2292 363 True 0.953459390284
2279.26559056 337.911571167 2767.65266216 1337.91157117
2292 363 True 0.953459390284
2279.26559056 337.911571167 2765.69364823 1337.91157117
2292 363 True 0.953459390284
2279.26559056 337.911571167 2763.73764883 1337.91157117
2292 363 True 0.953459390284
2279.26559056 337.911571167 2761.78464725 1337.91157117
2292 363 True 0.953459390284
2279.26559056 337.911571167 2759.83462682 1337.91157117
2292 364 True 0.982906063406
2279.26559056 337.911571167 2757.88757098 1337.91157117
2292 364 True 0.982906063406
2279.26559056 337.911571167 2755.94346324 1337.91157117
2292 364 True 0.982906063406
2279.26559056 337.911571167 2754.00228718 1337.91157117
2292 364 True 0.982906063406
2279.26559056 337.911571167 2752.06402647 1337.91157117
2292 364 True 0.982906063406
2279.26559056 337.911571167 2750.12866486 1337.91157117
2292 364 True 0.982906063406
2279.26559056 337.911571167 2748.19618617 1337.91157117
2292 364 True 0.982906063406
2279.26559056 337.911571167 2746.26657429 1337.91157117
2292 364 True 0.982906063406
2279.26559056 337.911571167 2744.33981322 1337.91157117
2292 364 True 0.982906063406
2279.26559056 337.911571167 2742.41588699 1337.91157117
2292 364 True 0.982906063406
2279.26559056 337.911571167 2740.49477975 1337.91157117
2292 365 True 1.01255890202
2279.26559056 337.911571167 2738.57647568 1337.91157117
2292 365 True 1.01255890202
2279.26559056 337.911571167 2736.66095906 1337.91157117
2292 365 True 1.01255890202
2279.26559056 337.911571167 2734.74821426 1337.91157117
2292 365 True 1.01255890202
2279.26559056 337.911571167 2732.83822568 1337.91157117
2292 365 True 1.01255890202
2279.26559056 337.911571167 2730.93097782 1337.91157117
2292 365 True 1.01255890202
2279.26559056 337.911571167 2729.02645526 1337.91157117
2292 365 True 1.01255890202
2279.26559056 337.911571167 2727.12464263 1337.91157117
2292 365 True 1.01255890202
2279.26559056 337.911571167 2725.22552463 1337.91157117
2292 366 True 1.0424003121
2279.26559056 337.911571167 2723.32908606 1337.91157117
2292 366 True 1.0424003121
2279.26559056 337.911571167 2721.43531176 1337.91157117
2292 366 True 1.0424003121
2279.26559056 337.911571167 2719.54418664 1337.91157117
2292 366 True 1.0424003121
2279.26559056 337.911571167 2717.6556957 1337.91157117
2292 366 True 1.0424003121
2279.26559056 337.911571167 2715.76982399 1337.91157117
2292 366 True 1.0424003121
2279.26559056 337.911571167 2713.88655664 1337.91157117
2292 366 True 1.0424003121
2279.26559056 337.911571167 2712.00587883 1337.91157117
2292 366 True 1.0424003121
2279.26559056 337.911571167 2710.12777582 1337.91157117
2292 367 True 1.07241455197
2279.26559056 337.911571167 2708.25223294 1337.91157117
2292 367 True 1.07241455197
2279.26559056 337.911571167 2706.37923557 1337.91157117
2292 367 True 1.07241455197
2279.26559056 337.911571167 2704.50876917 1337.91157117
2292 367 True 1.07241455197
2279.26559056 337.911571167 2702.64081925 1337.91157117
2292 367 True 1.07241455197
2279.26559056 337.911571167 2700.7753714 1337.91157117
2292 367 True 1.07241455197
2279.26559056 337.911571167 2698.91241126 1337.91157117
2292 367 True 1.07241455197
2279.26559056 337.911571167 2697.05192455 1337.91157117
2292 367 True 1.07241455197
2279.26559056 337.911571167 2695.19389704 1337.91157117
2292 368 True 1.10258750761
2279.26559056 337.911571167 2693.33831456 1337.91157117
2292 368 True 1.10258750761
2279.26559056 337.911571167 2691.485163 1337.91157117
2292 368 True 1.10258750761
2279.26559056 337.911571167 2689.63442832 1337.91157117
2292 368 True 1.10258750761
2279.26559056 337.911571167 2687.78609655 1337.91157117
2292 368 True 1.10258750761
2279.26559056 337.911571167 2685.94015375 1337.91157117
2292 368 True 1.10258750761
2279.26559056 337.911571167 2684.09658608 1337.91157117
2292 368 True 1.10258750761
2279.26559056 337.911571167 2682.25537972 1337.91157117
2292 369 True 1.13290649773
2279.26559056 337.911571167 2680.41652093 1337.91157117
2292 369 True 1.13290649773
2279.26559056 337.911571167 2678.57999603 1337.91157117
2292 369 True 1.13290649773
2279.26559056 337.911571167 2676.74579139 1337.91157117
2292 369 True 1.13290649773
2279.26559056 337.911571167 2674.91389344 1337.91157117
2292 369 True 1.13290649773
2279.26559056 337.911571167 2673.08428868 1337.91157117
2292 369 True 1.13290649773
2279.26559056 337.911571167 2671.25696363 1337.91157117
2292 369 True 1.13290649773
2279.26559056 337.911571167 2669.43190492 1337.91157117
2292 370 True 1.16336010473
2279.26559056 337.911571167 2667.60909918 1337.91157117
2292 370 True 1.16336010473
2279.26559056 337.911571167 2665.78853314 1337.91157117
2292 370 True 1.16336010473
2279.26559056 337.911571167 2663.97019357 1337.91157117
2292 370 True 1.16336010473
2279.26559056 337.911571167 2662.15406728 1337.91157117
2292 370 True 1.16336010473
2279.26559056 337.911571167 2660.34014115 1337.91157117
2292 370 True 1.16336010473
2279.26559056 337.911571167 2658.52840211 1337.91157117
2292 370 True 1.16336010473
2279.26559056 337.911571167 2656.71883715 1337.91157117
2292 371 True 1.1939380277
2279.26559056 337.911571167 2654.91143331 1337.91157117
2292 371 True 1.1939380277
2279.26559056 337.911571167 2653.10617766 1337.91157117
2292 371 True 1.1939380277
2279.26559056 337.911571167 2651.30305736 1337.91157117
2292 371 True 1.1939380277
2279.26559056 337.911571167 2649.50205959 1337.91157117
2292 371 True 1.1939380277
2279.26559056 337.911571167 2647.70317161 1337.91157117
2292 371 True 1.1939380277
2279.26559056 337.911571167 2645.9063807 1337.91157117
2292 372 True 1.2246309545
2279.26559056 337.911571167 2644.11167421 1337.91157117
2292 372 True 1.2246309545
2279.26559056 337.911571167 2642.31903954 1337.91157117
2292 372 True 1.2246309545
2279.26559056 337.911571167 2640.52846414 1337.91157117
2292 372 True 1.2246309545
2279.26559056 337.911571167 2638.7399355 1337.91157117
2292 372 True 1.2246309545
2279.26559056 337.911571167 2636.95344116 1337.91157117
2292 373 True 1.25543045027
2279.26559056 337.911571167 2635.16896873 1337.91157117
2292 373 True 1.25543045027
2279.26559056 337.911571167 2633.38650583 1337.91157117
2292 373 True 1.25543045027
2279.26559056 337.911571167 2631.60604017 1337.91157117
2292 373 True 1.25543045027
2279.26559056 337.911571167 2629.82755947 1337.91157117
2292 373 True 1.25543045027
2279.26559056 337.911571167 2628.05105152 1337.91157117
2292 373 True 1.25543045027
2279.26559056 337.911571167 2626.27650416 1337.91157117
2292 374 True 1.28632886007
2279.26559056 337.911571167 2624.50390525 1337.91157117
2292 374 True 1.28632886007
2279.26559056 337.911571167 2622.73324274 1337.91157117
2292 374 True 1.28632886007
2279.26559056 337.911571167 2620.96450457 1337.91157117
2292 374 True 1.28632886007
2279.26559056 337.911571167 2619.19767878 1337.91157117
2292 374 True 1.28632886007
2279.26559056 337.911571167 2617.43275341 1337.91157117
2292 374 True 1.28632886007
2279.26559056 337.911571167 2615.66971658 1337.91157117
2292 375 True 1.31731922366
2279.26559056 337.911571167 2613.90855643 1337.91157117
2292 375 True 1.31731922366
2279.26559056 337.911571167 2612.14926116 1337.91157117
2292 375 True 1.31731922366
2279.26559056 337.911571167 2610.391819 1337.91157117
2292 375 True 1.31731922366
2279.26559056 337.911571167 2608.63621823 1337.91157117
2292 375 True 1.31731922366
2279.26559056 337.911571167 2606.88244718 1337.91157117
2292 376 True 1.34839520091
2279.26559056 337.911571167 2605.13049422 1337.91157117
2292 376 True 1.34839520091
2279.26559056 337.911571167 2603.38034774 1337.91157117
2292 376 True 1.34839520091
2279.26559056 337.911571167 2601.6319962 1337.91157117
2292 376 True 1.34839520091
2279.26559056 337.911571167 2599.88542809 1337.91157117
2292 377 True 1.37955100619
2279.26559056 337.911571167 2598.14063195 1337.91157117
2292 377 True 1.37955100619
2279.26559056 337.911571167 2596.39759634 1337.91157117
2292 377 True 1.37955100619
2279.26559056 337.911571167 2594.65630989 1337.91157117
2292 377 True 1.37955100619
2279.26559056 337.911571167 2592.91676125 1337.91157117
2292 377 True 1.37955100619
2279.26559056 337.911571167 2591.17893911 1337.91157117
2292 378 True 1.41078135072
2279.26559056 337.911571167 2589.44283221 1337.91157117
2292 378 True 1.41078135072
2279.26559056 337.911571167 2587.70842931 1337.91157117
2292 378 True 1.41078135072
2279.26559056 337.911571167 2585.97571925 1337.91157117
2292 378 True 1.41078135072
2279.26559056 337.911571167 2584.24469086 1337.91157117
2292 378 True 1.41078135072
2279.26559056 337.911571167 2582.51533304 1337.91157117
2292 379 True 1.44208139174
2279.26559056 337.911571167 2580.78763472 1337.91157117
2292 379 True 1.44208139174
2279.26559056 337.911571167 2579.06158486 1337.91157117
2292 379 True 1.44208139174
2279.26559056 337.911571167 2577.33717246 1337.91157117
2292 379 True 1.44208139174
2279.26559056 337.911571167 2575.61438658 1337.91157117
2292 380 True 1.47344668764
2279.26559056 337.911571167 2573.89321628 1337.91157117
2292 380 True 1.47344668764
2279.26559056 337.911571167 2572.17365068 1337.91157117
2292 380 True 1.47344668764
2279.26559056 337.911571167 2570.45567893 1337.91157117
2292 380 True 1.47344668764
2279.26559056 337.911571167 2568.73929023 1337.91157117
2292 381 True 1.50487315818
2279.26559056 337.911571167 2567.02447379 1337.91157117
2292 381 True 1.50487315818
2279.26559056 337.911571167 2565.31121887 1337.91157117
2292 381 True 1.50487315818
2279.26559056 337.911571167 2563.59951476 1337.91157117
2292 382 True 1.53635704937
2279.26559056 337.911571167 2561.8893508 1337.91157117
2292 382 True 1.53635704937
2279.26559056 337.911571167 2560.18071635 1337.91157117
2292 382 True 1.53635704937
2279.26559056 337.911571167 2558.4736008 1337.91157117
2292 382 True 1.53635704937
2279.26559056 337.911571167 2556.76799359 1337.91157117
2292 383 True 1.56789490213
2279.26559056 337.911571167 2555.06388418 1337.91157117
2292 383 True 1.56789490213
2279.26559056 337.911571167 2553.36126208 1337.91157117
2292 383 True 1.56789490213
2279.26559056 337.911571167 2551.6601168 1337.91157117
2292 383 True 1.56789490213
2279.26559056 337.911571167 2549.96043793 1337.91157117
2292 384 True 1.59948352449
2279.26559056 337.911571167 2548.26221505 1337.91157117
2292 384 True 1.59948352449
2279.26559056 337.911571167 2546.56543779 1337.91157117
2292 384 True 1.59948352449
2279.26559056 337.911571167 2544.87009583 1337.91157117
2292 385 True 1.6311199668
2279.26559056 337.911571167 2543.17617885 1337.91157117
2292 385 True 1.6311199668
2279.26559056 337.911571167 2541.48367658 1337.91157117
2292 385 True 1.6311199668
2279.26559056 337.911571167 2539.79257877 1337.91157117
2292 386 True 1.66280149962
2279.26559056 337.911571167 2538.10287521 1337.91157117
2292 386 True 1.66280149962
2279.26559056 337.911571167 2536.41455573 1337.91157117
2292 386 True 1.66280149962
2279.26559056 337.911571167 2534.72761018 1337.91157117
2292 387 True 1.69452559384
2279.26559056 337.911571167 2533.04202842 1337.91157117
2292 387 True 1.69452559384
2279.26559056 337.911571167 2531.35780037 1337.91157117
2292 387 True 1.69452559384
2279.26559056 337.911571167 2529.67491598 1337.91157117
2292 388 True 1.72628990301
2279.26559056 337.911571167 2527.9933652 1337.91157117
2292 388 True 1.72628990301
2279.26559056 337.911571167 2526.31313805 1337.91157117
2292 388 True 1.72628990301
2279.26559056 337.911571167 2524.63422454 1337.91157117
2292 389 True 1.75809224739
2279.26559056 337.911571167 2522.95661473 1337.91157117
2292 389 True 1.75809224739
2279.26559056 337.911571167 2521.28029871 1337.91157117
2292 389 True 1.75809224739
2279.26559056 337.911571167 2519.60526658 1337.91157117
2292 390 True 1.78993059962
2279.26559056 337.911571167 2517.9315085 1337.91157117
2292 390 True 1.78993059962
2279.26559056 337.911571167 2516.25901462 1337.91157117
2292 390 True 1.78993059962
2279.26559056 337.911571167 2514.58777515 1337.91157117
2292 391 True 1.82180307184
2279.26559056 337.911571167 2512.9177803 1337.91157117
2292 391 True 1.82180307184
2279.26559056 337.911571167 2511.24902033 1337.91157117
2292 391 True 1.82180307184
2279.26559056 337.911571167 2509.58148552 1337.91157117
2292 392 True 1.8537079041
2279.26559056 337.911571167 2507.91516616 1337.91157117
2292 392 True 1.8537079041
2279.26559056 337.911571167 2506.25005259 1337.91157117
2292 393 True 1.88564345381
2279.26559056 337.911571167 2504.58613517 1337.91157117
2292 393 True 1.88564345381
2279.26559056 337.911571167 2502.92340427 1337.91157117
2292 394 True 1.91760818628
2279.26559056 337.911571167 2501.2618503 1337.91157117
2292 394 True 1.91760818628
2279.26559056 337.911571167 2499.6014637 1337.91157117
2292 394 True 1.91760818628
2279.26559056 337.911571167 2497.94223493 1337.91157117
2292 395 True 1.94960066611
2279.26559056 337.911571167 2496.28415446 1337.91157117
2292 395 True 1.94960066611
2279.26559056 337.911571167 2494.6272128 1337.91157117
2292 396 True 1.98161954939
2279.26559056 337.911571167 2492.97140049 1337.91157117
2292 396 True 1.98161954939
2279.26559056 337.911571167 2491.31670808 1337.91157117
2292 396 True 1.98161954939
2279.26559056 337.911571167 2489.66312615 1337.91157117
2292 397 True 2.01366357662
2279.26559056 337.911571167 2488.01064531 1337.91157117
2292 397 True 2.01366357662
2279.26559056 337.911571167 2486.35925619 1337.91157117
2292 398 True 2.04573156623
2279.26559056 337.911571167 2484.70894942 1337.91157117
2292 398 True 2.04573156623
2279.26559056 337.911571167 2483.0597157 1337.91157117
2292 399 True 2.07782240876
2279.26559056 337.911571167 2481.41154571 1337.91157117
2292 399 True 2.07782240876
2279.26559056 337.911571167 2479.76443017 1337.91157117
2292 400 True 2.10993506149
2279.26559056 337.911571167 2478.11835983 1337.91157117
2292 400 True 2.10993506149
2279.26559056 337.911571167 2476.47332545 1337.91157117
2292 401 True 2.14206854349
2279.26559056 337.911571167 2474.82931781 1337.91157117
2292 402 True 2.17422193126
2279.26559056 337.911571167 2473.18632773 1337.91157117
2292 402 True 2.17422193126
2279.26559056 337.911571167 2471.54434602 1337.91157117
2292 403 True 2.20639435455
2279.26559056 337.911571167 2469.90336356 1337.91157117
2292 403 True 2.20639435455
2279.26559056 337.911571167 2468.26337119 1337.91157117
2292 404 True 2.23858499262
2279.26559056 337.911571167 2466.62435983 1337.91157117
2292 404 True 2.23858499262
2279.26559056 337.911571167 2464.98632038 1337.91157117
2292 405 True 2.27079307085
2279.26559056 337.911571167 2463.34924377 1337.91157117
2292 405 True 2.27079307085
2279.26559056 337.911571167 2461.71312096 1337.91157117
2292 406 True 2.30301785752
2279.26559056 337.911571167 2460.07794293 1337.91157117
2292 407 True 2.33525866094
2279.26559056 337.911571167 2458.44370066 1337.91157117
2292 407 True 2.33525866094
2279.26559056 337.911571167 2456.81038518 1337.91157117
2292 408 True 2.36751482678
2279.26559056 337.911571167 2455.17798751 1337.91157117
2292 409 True 2.39978573554
2279.26559056 337.911571167 2453.54649871 1337.91157117
2292 409 True 2.39978573554
2279.26559056 337.911571167 2451.91590985 1337.91157117
2292 410 True 2.43207080038
2279.26559056 337.911571167 2450.28621202 1337.91157117
2292 411 True 2.46436946491
2279.26559056 337.911571167 2448.65739633 1337.91157117
2292 411 True 2.46436946491
2279.26559056 337.911571167 2447.02945391 1337.91157117
2292 412 True 2.49668120135
2279.26559056 337.911571167 2445.4023759 1337.91157117
2292 413 True 2.52900550865
2279.26559056 337.911571167 2443.77615347 1337.91157117
2292 414 True 2.56134191087
2279.26559056 337.911571167 2442.1507778 1337.91157117
2292 414 True 2.56134191087
2279.26559056 337.911571167 2440.52624008 1337.91157117
2292 415 True 2.59368995565
2279.26559056 337.911571167 2438.90253155 1337.91157117
2292 416 True 2.62604921273
2279.26559056 337.911571167 2437.27964342 1337.91157117
2292 417 True 2.65841927268
2279.26559056 337.911571167 2435.65756696 1337.91157117
2292 418 True 2.69079974562
2279.26559056 337.911571167 2434.03629342 1337.91157117
2292 418 True 2.69079974562
2279.26559056 337.911571167 2432.41581411 1337.91157117
2292 419 True 2.72319026011
2279.26559056 337.911571167 2430.7961203 1337.91157117
2292 420 True 2.75559046204
2279.26559056 337.911571167 2429.17720334 1337.91157117
2292 421 True 2.78800001368
2279.26559056 337.911571167 2427.55905454 1337.91157117
2292 422 True 2.8204185927
2279.26559056 337.911571167 2425.94166525 1337.91157117
2292 423 True 2.85284589136
2279.26559056 337.911571167 2424.32502685 1337.91157117
2292 424 True 2.88528161566
2279.26559056 337.911571167 2422.70913072 1337.91157117
2292 425 True 2.91772548461
2279.26559056 337.911571167 2421.09396825 1337.91157117
2292 426 True 2.95017722949
2279.26559056 337.911571167 2419.47953084 1337.91157117
2292 427 True 2.98263659323
2279.26559056 337.911571167 2417.86580994 1337.91157117
2292 428 True 3.01510332977
2279.26559056 337.911571167 2416.25279698 1337.91157117
2292 429 True 3.04757720347
2279.26559056 337.911571167 2414.64048341 1337.91157117
2292 430 True 3.08005798859
2279.26559056 337.911571167 2413.02886071 1337.91157117
2292 431 True 3.11254546876
2279.26559056 337.911571167 2411.41792036 1337.91157117
2292 432 True 3.14503943649
2279.26559056 337.911571167 2409.80765386 1337.91157117
2292 434 True 3.21004604657
2279.26559056 337.911571167 2408.19805273 1337.91157117
2292 434 True 3.21004604657
2279.26559056 337.911571167 2406.58910848 1337.91157117
2292 436 True 3.27507632052
2279.26559056 337.911571167 2404.98081265 1337.91157117
2292 438 True 3.34012887618
2279.26559056 337.911571167 2403.37315681 1337.91157117
2292 438 True 3.34012887618
2279.26559056 337.911571167 2401.76613252 1337.91157117
2292 440 True 3.40520243654
2279.26559056 337.911571167 2400.15973135 1337.91157117
2292 441 True 3.43774672074
2279.26559056 337.911571167 2398.5539449 1337.91157117
2292 443 True 3.50284960003
2279.26559056 337.911571167 2396.94876477 1337.91157117
2292 444 True 3.53540793158
2279.26559056 337.911571167 2395.34418258 1337.91157117
2292 445 True 3.56797069003
2279.26559056 337.911571167 2393.74018995 1337.91157117
2292 447 True 3.63310901151
2279.26559056 337.911571167 2392.13677854 1337.91157117
2292 448 True 3.665684347
2279.26559056 337.911571167 2390.53393999 1337.91157117
2292 450 True 3.73084682835
2279.26559056 337.911571167 2388.93166596 1337.91157117
2292 452 True 3.79602438103
2279.26559056 337.911571167 2387.32994814 1337.91157117
2292 453 True 3.8286185686
2279.26559056 337.911571167 2385.7287782 1337.91157117
2292 455 True 3.89381731323
2279.26559056 337.911571167 2384.12814786 1337.91157117
2292 457 True 3.95902931459
2279.26559056 337.911571167 2382.52804882 1337.91157117
2292 459 True 4.02425392824
2279.26559056 337.911571167 2380.92847279 1337.91157117
2292 461 True 4.08949055068
2279.26559056 337.911571167 2379.32941151 1337.91157117
2292 463 True 4.15473861625
2279.26559056 337.911571167 2377.73085673 1337.91157117
2292 465 True 4.21999759416
2279.26559056 337.911571167 2376.13280019 1337.91157117
2292 466 True 4.25263101826
2279.26559056 337.911571167 2374.53523366 1337.91157117
2292 469 True 4.35054632267
2279.26559056 337.911571167 2372.93814891 1337.91157117
2292 472 True 4.44848301719
2279.26559056 337.911571167 2371.34153772 1337.91157117
2292 473 True 4.48113309299
2279.26559056 337.911571167 2369.74539187 1337.91157117
2292 476 True 4.57909617782
2279.26559056 337.911571167 2368.14970319 1337.91157117
2292 478 True 4.64441516358
2279.26559056 337.911571167 2366.55446346 1337.91157117
2292 481 True 4.7424081879
2279.26559056 337.911571167 2364.95966452 1337.91157117
2292 485 True 4.87309106759
2279.26559056 337.911571167 2363.36529819 1337.91157117
2292 486 True 4.90576610084
2279.26559056 337.911571167 2361.7713563 1337.91157117
2292 490 True 5.03648247976
2279.26559056 337.911571167 2360.17783071 1337.91157117
2292 492 True 5.10184997971
2279.26559056 337.911571167 2358.58471327 1337.91157117
2292 496 True 5.23260243748
2279.26559056 337.911571167 2356.99199584 1337.91157117
2292 500 True 5.36337675371
2279.26559056 337.911571167 2355.39967028 1337.91157117
2292 502 True 5.42877161513
2279.26559056 337.911571167 2353.80772849 1337.91157117
2292 506 True 5.55957583843
2279.26559056 337.911571167 2352.21616234 1337.91157117
2292 509 True 5.65769103381
2279.26559056 337.911571167 2350.62496373 1337.91157117
2292 514 True 5.82123772513
2279.26559056 337.911571167 2349.03412455 1337.91157117
2292 516 True 5.88666346414
2279.26559056 337.911571167 2347.44363673 1337.91157117
2292 521 True 6.05024432227
2279.26559056 337.911571167 2345.85349217 1337.91157117
2292 527 True 6.24657036644
2279.26559056 337.911571167 2344.26368279 1337.91157117
2292 530 True 6.34474440108
2279.26559056 337.911571167 2342.67420053 1337.91157117
2292 536 True 6.54111284262
2279.26559056 337.911571167 2341.08503732 1337.91157117
2292 539 True 6.63930664697
2279.26559056 337.911571167 2339.49618511 1337.91157117
2292 546 True 6.86844847567
2279.26559056 337.911571167 2337.90763583 1337.91157117
2292 553 True 7.09761991757
2279.26559056 337.911571167 2336.31938145 1337.91157117
2292 557 True 7.22858723906
2279.26559056 337.911571167 2334.73141393 1337.91157117
2292 565 True 7.49054631323
2279.26559056 337.911571167 2333.14372523 1337.91157117
2292 569 True 7.62153722618
2279.26559056 337.911571167 2331.55630733 1337.91157117
2292 578 True 7.91629210015
2279.26559056 337.911571167 2329.96915219 1337.91157117
2292 588 True 8.24383487625
2279.26559056 337.911571167 2328.38225182 1337.91157117
2292 593 True 8.40761963303
2279.26559056 337.911571167 2326.79559818 1337.91157117
2292 603 True 8.7352133774
2279.26559056 337.911571167 2325.20918328 1337.91157117
2292 609 True 8.93178393731
2279.26559056 337.911571167 2323.62299911 1337.91157117
2292 622 True 9.35771990494
2279.26559056 337.911571167 2322.03703768 1337.91157117
2292 628 True 9.55431969822
2279.26559056 337.911571167 2320.45129099 1337.91157117
2292 642 True 10.0130831388
2279.26559056 337.911571167 2318.86575106 1337.91157117
2292 658 True 10.5374307822
2279.26559056 337.911571167 2317.28040989 1337.91157117
2292 666 True 10.7996210834
2279.26559056 337.911571167 2315.6952595 1337.91157117
2292 685 True 11.4223616472
2279.26559056 337.911571167 2314.11029193 1337.91157117
2291 694 True 11.716213316
2279.26559056 337.911571167 2312.5254992 1337.91157117
2291 694 True 11.716213316
2279.26559056 337.911571167 2310.94087333 1337.91157117
2291 708 True 12.1751638944
2279.26559056 337.911571167 2309.35640636 1337.91157117
2291 721 True 12.6013485611
2279.26559056 337.911571167 2307.77209033 1337.91157117
2292 784 True 14.6677992089
2279.26559056 337.911571167 2306.18791728 1337.91157117
2292 800 True 15.1923850723
2279.26559056 337.911571167 2304.60387924 1337.91157117
2292 838 True 16.4383312855
2279.26559056 337.911571167 2303.01996827 1337.91157117
2292 858 True 17.0941190258
2279.26559056 337.911571167 2301.43617641 1337.91157117
2292 906 True 18.6680704579
2279.26559056 337.911571167 2299.85249572 1337.91157117
2293 1018 True 22.3415197285
2279.26559056 337.911571167 2298.26891824 1337.91157117
2292 1018 True 22.3408696361
2279.26559056 337.911571167 2296.68543603 1337.91157117
2291 1018 True 22.3402676819
2279.26559056 337.911571167 2295.10204115 1337.91157117
2290 1018 True 22.3397138696
2279.26559056 337.911571167 2293.51872565 1337.91157117
2289 1018 True 22.339208203
2279.26559056 337.911571167 2291.93548159 1337.91157117
2287 1018 True 22.3383413193
2279.26559056 337.911571167 2290.35230104 1337.91157117
2286 1018 True 22.3379801078
2279.26559056 337.911571167 2288.76917606 1337.91157117
2285 1018 True 22.3376670531
2279.26559056 337.911571167 2287.18609871 1337.91157117
2284 1018 True 22.3374021573
2279.26559056 337.911571167 2285.60306106 1337.91157117
2283 1018 True 22.337185422
2279.26559056 337.911571167 2284.02005517 1337.91157117
2282 1018 True 22.3370168486
2279.26559056 337.911571167 2282.4370731 1337.91157117
2281 1018 True 22.3368964383
2279.26559056 337.911571167 2280.85410693 1337.91157117
2280 1018 True 22.3368241918
2279.26559056 337.911571167 2279.27114872 1337.91157117
2279 1018 True 22.3368001096
2279.26559056 337.911571167 2277.68819054 1337.91157117
2278 1018 True 22.3368241918
2279.26559056 337.911571167 2276.10522446 1337.91157117
2277 1018 True 22.3368964383
2279.26559056 337.911571167 2274.52224253 1337.91157117
2276 1018 True 22.3370168486
2279.26559056 337.911571167 2272.93923684 1337.91157117
2274 1018 True 22.3374021573
2279.26559056 337.911571167 2271.35619943 1337.91157117
2274 1018 True 22.3374021573
2279.26559056 337.911571167 2269.77312239 1337.91157117
2272 1018 True 22.3379801078
2279.26559056 337.911571167 2268.18999777 1337.91157117
2272 1018 True 22.3379801078
2279.26559056 337.911571167 2266.60681764 1337.91157117
2270 1018 True 22.3387506852
2279.26559056 337.911571167 2265.02357406 1337.91157117
2269 1018 True 22.339208203
2279.26559056 337.911571167 2263.44025909 1337.91157117
2268 1018 True 22.3397138696
2279.26559056 337.911571167 2261.85686479 1337.91157117
2267 1018 True 22.3402676819
2279.26559056 337.911571167 2260.27338322 1337.91157117
2266 1018 True 22.3408696361
2279.26559056 337.911571167 2258.68980644 1337.91157117
2265 1018 True 22.3415197285
2279.26559056 337.911571167 2257.1061265 1337.91157117
2264 1018 True 22.3422179548
2279.26559056 337.911571167 2255.52233545 1337.91157117
2263 1018 True 22.3429643105
2279.26559056 337.911571167 2253.93842534 1337.91157117
2261 1018 True 22.3446013905
2279.26559056 337.911571167 2252.35438823 1337.91157117
2261 1018 True 22.3446013905
2279.26559056 337.911571167 2250.77021615 1337.91157117
2259 1018 True 22.3464309262
2279.26559056 337.911571167 2249.18590115 1337.91157117
2259 1018 True 22.3464309262
2279.26559056 337.911571167 2247.60143527 1337.91157117
2257 1018 True 22.3484528704
2279.26559056 337.911571167 2246.01681055 1337.91157117
2257 1018 True 22.3484528704
2279.26559056 337.911571167 2244.43201901 1337.91157117
2255 1018 True 22.3506671708
2279.26559056 337.911571167 2242.84705269 1337.91157117
2254 1018 True 22.351846437
2279.26559056 337.911571167 2241.26190362 1337.91157117
2253 1018 True 22.3530737704
2279.26559056 337.911571167 2239.67656382 1337.91157117
2252 1018 True 22.3543491631
2279.26559056 337.911571167 2238.09102531 1337.91157117
2251 1018 True 22.3556726068
2279.26559056 337.911571167 2236.5052801 1337.91157117
2250 1018 True 22.3570440932
2279.26559056 337.911571167 2234.9193202 1337.91157117
2248 1018 True 22.3599311579
2279.26559056 337.911571167 2233.33313763 1337.91157117
2248 1018 True 22.3599311579
2279.26559056 337.911571167 2231.74672438 1337.91157117
2246 1018 True 22.3630102828
2279.26559056 337.911571167 2230.16007244 1337.91157117
2246 1018 True 22.3630102828
2279.26559056 337.911571167 2228.57317383 1337.91157117
2244 1018 True 22.3662813885
2279.26559056 337.911571167 2226.98602051 1337.91157117
2243 1018 True 22.367988908
2279.26559056 337.911571167 2225.39860448 1337.91157117
2242 1018 True 22.3697443908
2279.26559056 337.911571167 2223.81091771 1337.91157117
2241 1018 True 22.3715478256
2279.26559056 337.911571167 2222.22295217 1337.91157117
2240 1018 True 22.3733992007
2279.26559056 337.911571167 2220.63469984 1337.91157117
2239 1018 True 22.3752985042
2279.26559056 337.911571167 2219.04615266 1337.91157117
2238 1018 True 22.377245724
2279.26559056 337.911571167 2217.4573026 1337.91157117
2237 1018 True 22.3792408476
2279.26559056 337.911571167 2215.8681416 1337.91157117
2235 1018 True 22.3833747544
2279.26559056 337.911571167 2214.27866161 1337.91157117
2235 1018 True 22.3833747544
2279.26559056 337.911571167 2212.68885456 1337.91157117
2233 1018 True 22.3877001186
2279.26559056 337.911571167 2211.09871238 1337.91157117
2233 1018 True 22.3877001186
2279.26559056 337.911571167 2209.508227 1337.91157117
2231 1018 True 22.3922168291
2279.26559056 337.911571167 2207.91739032 1337.91157117
2230 1018 True 22.3945469032
2279.26559056 337.911571167 2206.32619426 1337.91157117
2229 1018 True 22.3969247702
2279.26559056 337.911571167 2204.73463072 1337.91157117
2228 1018 True 22.3993504148
2279.26559056 337.911571167 2203.14269159 1337.91157117
2227 1018 True 22.4018238214
2279.26559056 337.911571167 2201.55036876 1337.91157117
2226 1018 True 22.4043449743
2279.26559056 337.911571167 2199.95765411 1337.91157117
2225 1018 True 22.4069138573
2279.26559056 337.911571167 2198.3645395 1337.91157117
2224 1018 True 22.409530454
2279.26559056 337.911571167 2196.77101681 1337.91157117
2228 946 True 20.0451210728
2279.26559056 337.911571167 2195.17707787 1337.91157117
2228 939 True 19.8163312208
2279.26559056 337.911571167 2193.58271455 1337.91157117
2228 925 True 19.3588090666
2279.26559056 337.911571167 2191.98791868 1337.91157117
2228 911 True 18.9013682887
2279.26559056 337.911571167 2190.39268207 1337.91157117
2228 905 True 18.7053486317
2279.26559056 337.911571167 2188.79699657 1337.91157117
2228 892 True 18.2806968992
2279.26559056 337.911571167 2187.20085397 1337.91157117
2228 886 True 18.0847315404
2279.26559056 337.911571167 2185.60424607 1337.91157117
2228 875 True 17.7255097496
2279.26559056 337.911571167 2184.00716467 1337.91157117
2228 869 True 17.5295979137
2279.26559056 337.911571167 2182.40960155 1337.91157117
2228 858 True 17.1704789733
2279.26559056 337.911571167 2180.81154848 1337.91157117
2228 848 True 16.8440695577
2279.26559056 337.911571167 2179.21299723 1337.91157117
2228 843 True 16.68088825
2279.26559056 337.911571167 2177.61393954 1337.91157117
2228 833 True 16.3545747699
2279.26559056 337.911571167 2176.01436716 1337.91157117
2228 828 True 16.1914435877
2279.26559056 337.911571167 2174.41427181 1337.91157117
2228 818 True 15.8652349667
2279.26559056 337.911571167 2172.81364523 1337.91157117
2228 809 True 15.5717115559
2279.26559056 337.911571167 2171.21247911 1337.91157117
2228 805 True 15.441277225
2279.26559056 337.911571167 2169.61076517 1337.91157117
2228 797 True 15.1804481522
2279.26559056 337.911571167 2168.00849508 1337.91157117
2228 792 True 15.017457776
2279.26559056 337.911571167 2166.40566052 1337.91157117
2228 784 True 14.7567197079
2279.26559056 337.911571167 2164.80225316 1337.91157117
2228 777 True 14.5286229874
2279.26559056 337.911571167 2163.19826464 1337.91157117
2228 773 True 14.3983034596
2279.26559056 337.911571167 2161.59368662 1337.91157117
2228 765 True 14.1377132649
2279.26559056 337.911571167 2159.98851072 1337.91157117
2228 758 True 13.9097526642
2279.26559056 337.911571167 2158.38272856 1337.91157117
2228 755 True 13.8120718892
2279.26559056 337.911571167 2156.77633173 1337.91157117
2228 748 True 13.584190454
2279.26559056 337.911571167 2155.16931184 1337.91157117
2228 745 True 13.4865448275
2279.26559056 337.911571167 2153.56166047 1337.91157117
2228 738 True 13.2587484102
2279.26559056 337.911571167 2151.95336917 1337.91157117
2228 732 True 13.0635445999
2279.26559056 337.911571167 2150.3444295 1337.91157117
2228 729 True 12.9659607916
2279.26559056 337.911571167 2148.734833 1337.91157117
2228 723 True 12.7708307514
2279.26559056 337.911571167 2147.12457121 1337.91157117
2228 720 True 12.673285098
2279.26559056 337.911571167 2145.51363562 1337.91157117
2228 714 True 12.4782340388
2279.26559056 337.911571167 2143.90201774 1337.91157117
2228 709 True 12.3157339971
2279.26559056 337.911571167 2142.28970906 1337.91157117
2228 706 True 12.2182532117
2279.26559056 337.911571167 2140.67670103 1337.91157117
2228 701 True 12.0558184254
2279.26559056 337.911571167 2139.06298513 1337.91157117
2228 698 True 11.9583780624
2279.26559056 337.911571167 2137.44855279 1337.91157117
2228 693 True 11.7960128622
2279.26559056 337.911571167 2135.83339544 1337.91157117
2228 688 True 11.6336935239
2279.26559056 337.911571167 2134.21750449 1337.91157117
2228 686 True 11.5687790623
2279.26559056 337.911571167 2132.60087133 1337.91157117
2228 681 True 11.406527226
2279.26559056 337.911571167 2130.98348735 1337.91157117
2228 676 True 11.2443261123
2279.26559056 337.911571167 2129.36534392 1337.91157117
2228 674 True 11.1794603638
2279.26559056 337.911571167 2127.74643237 1337.91157117
2228 670 True 11.049754875
2279.26559056 337.911571167 2126.12674406 1337.91157117
2228 668 True 10.9849154418
2279.26559056 337.911571167 2124.50627029 1337.91157117
2228 663 True 10.8228569624
2279.26559056 337.911571167 2122.88500236 1337.91157117
2228 659 True 10.6932528036
2279.26559056 337.911571167 2121.26293156 1337.91157117
2228 657 True 10.6284654089
2279.26559056 337.911571167 2119.64004917 1337.91157117
2228 653 True 10.4989208951
2279.26559056 337.911571167 2118.01634643 1337.91157117
2228 651 True 10.4341641519
2279.26559056 337.911571167 2116.39181457 1337.91157117
2228 648 True 10.3370489758
2279.26559056 337.911571167 2114.76644481 1337.91157117
2228 648 True 10.3370489758
2279.26559056 337.911571167 2113.14022836 1337.91157117
2227 648 True 10.3424075074
2279.26559056 337.911571167 2111.51315639 1337.91157117
2227 644 True 10.2130268062
2279.26559056 337.911571167 2109.88522007 1337.91157117
2227 640 True 10.083693119
2279.26559056 337.911571167 2108.25641054 1337.91157117
2227 639 True 10.0513672558
2279.26559056 337.911571167 2106.62671894 1337.91157117
2227 635 True 9.92209492426
2279.26559056 337.911571167 2104.99613636 1337.91157117
2227 632 True 9.82517421257
2279.26559056 337.911571167 2103.36465392 1337.91157117
2227 630 True 9.76057685052
2279.26559056 337.911571167 2101.73226266 1337.91157117
2228 621 True 9.46420687427
2279.26559056 337.911571167 2100.09895365 1337.91157117
2228 620 True 9.43192506718
2279.26559056 337.911571167 2098.46471793 1337.91157117
2228 617 True 9.33510132217
2279.26559056 337.911571167 2096.8295465 1337.91157117
2228 613 True 9.20605499178
2279.26559056 337.911571167 2095.19343035 1337.91157117
2228 612 True 9.17380295547
2279.26559056 337.911571167 2093.55636048 1337.91157117
2228 609 True 9.07707040892
2279.26559056 337.911571167 2091.91832782 1337.91157117
2228 606 True 8.98037409418
2279.26559056 337.911571167 2090.27932331 1337.91157117
2228 605 True 8.94815024381
2279.26559056 337.911571167 2088.63933787 1337.91157117
2228 602 True 8.85150408738
2279.26559056 337.911571167 2086.99836238 1337.91157117
2228 599 True 8.75489700409
2279.26559056 337.911571167 2085.35638773 1337.91157117
2228 598 True 8.72270355031
2279.26559056 337.911571167 2083.71340476 1337.91157117
2228 595 True 8.62615060906
2279.26559056 337.911571167 2082.0694043 1337.91157117
2228 594 True 8.59397560648
2279.26559056 337.911571167 2080.42437716 1337.91157117
2228 591 True 8.49747927262
2279.26559056 337.911571167 2078.77831413 1337.91157117
2228 589 True 8.43317282509
2279.26559056 337.911571167 2077.13120596 1337.91157117
2228 588 True 8.40102710224
2279.26559056 337.911571167 2075.48304341 1337.91157117
2228 585 True 8.30462063413
2279.26559056 337.911571167 2073.83381719 1337.91157117
2228 583 True 8.24037583769
2279.26559056 337.911571167 2072.18351799 1337.91157117
2228 581 True 8.17615256316
2279.26559056 337.911571167 2070.5321365 1337.91157117
2228 579 True 8.11195132171
2279.26559056 337.911571167 2068.87966336 1337.91157117
2228 577 True 8.04777264065
2279.26559056 337.911571167 2067.22608919 1337.91157117
2228 576 True 8.01569192962
2279.26559056 337.911571167 2065.57140462 1337.91157117
2228 573 True 7.91948515343
2279.26559056 337.911571167 2063.9156002 1337.91157117
2228 571 True 7.85537748842
2279.26559056 337.911571167 2062.25866651 1337.91157117
2228 570 True 7.82333293428
2279.26559056 337.911571167 2060.60059407 1337.91157117
2228 568 True 7.75926276593
2279.26559056 337.911571167 2058.94137339 1337.91157117
2228 566 True 7.69521837644
2279.26559056 337.911571167 2057.28099496 1337.91157117
2228 565 True 7.66320605075
2279.26559056 337.911571167 2055.61944922 1337.91157117
2228 563 True 7.59920155323
2279.26559056 337.911571167 2053.95672662 1337.91157117
2228 561 True 7.53522449813
2279.26559056 337.911571167 2052.29281756 1337.91157117
2228 560 True 7.50324648085
2279.26559056 337.911571167 2050.62771243 1337.91157117
2228 558 True 7.43931191866
2279.26559056 337.911571167 2048.96140157 1337.91157117
2228 556 True 7.37540660668
2279.26559056 337.911571167 2047.29387533 1337.91157117
2228 555 True 7.34346515816
2279.26559056 337.911571167 2045.625124 1337.91157117
2228 553 True 7.27960516787
2279.26559056 337.911571167 2043.95513786 1337.91157117
2228 551 True 7.21577639557
2279.26559056 337.911571167 2042.28390716 1337.91157117
2228 551 True 7.21577639557
2279.26559056 337.911571167 2040.61142212 1337.91157117
2228 549 True 7.15197967712
2279.26559056 337.911571167 2038.93767295 1337.91157117
2228 547 True 7.08821587799
2279.26559056 337.911571167 2037.26264981 1337.91157117
2228 546 True 7.05634660207
2279.26559056 337.911571167 2035.58634283 1337.91157117
2228 544 True 6.99263387286
2279.26559056 337.911571167 2033.90874215 1337.91157117
2228 543 True 6.96079065591
2279.26559056 337.911571167 2032.22983782 1337.91157117
2228 542 True 6.92895636522
2279.26559056 337.911571167 2030.54961993 1337.91157117
2228 540 True 6.86531505923
2279.26559056 337.911571167 2028.86807848 1337.91157117
2228 539 True 6.83350829796
2279.26559056 337.911571167 2027.18520349 1337.91157117
2228 538 True 6.80171097107
2279.26559056 337.911571167 2025.50098492 1337.91157117
2228 536 True 6.73814515468
2279.26559056 337.911571167 2023.8154127 1337.91157117
2228 535 True 6.70637693851
2279.26559056 337.911571167 2022.12847675 1337.91157117
2228 534 True 6.6746187035
2279.26559056 337.911571167 2020.44016696 1337.91157117
2228 532 True 6.61113275233
2279.26559056 337.911571167 2018.75047316 1337.91157117
2228 531 True 6.57940533064
2279.26559056 337.911571167 2017.05938518 1337.91157117
2228 530 True 6.5476884792
2279.26559056 337.911571167 2015.3668928 1337.91157117
2228 529 True 6.51598235239
2279.26559056 337.911571167 2013.67298579 1337.91157117
2228 527 True 6.45260290492
2279.26559056 337.911571167 2011.97765387 1337.91157117
2228 526 True 6.42092990809
2279.26559056 337.911571167 2010.28088673 1337.91157117
2228 525 True 6.38926828366
2279.26559056 337.911571167 2008.58267404 1337.91157117
2228 524 True 6.35761820155
2279.26559056 337.911571167 2006.88300543 1337.91157117
2228 522 True 6.29435336065
2279.26559056 337.911571167 2005.18187049 1337.91157117
2228 522 True 6.29435336065
2279.26559056 337.911571167 2003.47925879 1337.91157117
2228 520 True 6.23113681289
2279.26559056 337.911571167 2001.77515986 1337.91157117
2228 519 True 6.19954711065
2279.26559056 337.911571167 2000.06956321 1337.91157117
2228 519 True 6.19954711065
2279.26559056 337.911571167 1998.36245829 1337.91157117
2228 517 True 6.13640580548
2279.26559056 337.911571167 1996.65383454 1337.91157117
2228 516 True 6.10485459661
2279.26559056 337.911571167 1994.94368136 1337.91157117
2228 515 True 6.0733166196
2279.26559056 337.911571167 1993.2319881 1337.91157117
2228 514 True 6.04179208168
2279.26559056 337.911571167 1991.51874411 1337.91157117
2228 513 True 6.01028119429
2279.26559056 337.911571167 1989.80393867 1337.91157117
2228 512 True 5.97878417329
2279.26559056 337.911571167 1988.08756105 1337.91157117
2228 511 True 5.94730123897
2279.26559056 337.911571167 1986.36960046 1337.91157117
2228 510 True 5.91583261624
2279.26559056 337.911571167 1984.65004609 1337.91157117
2228 509 True 5.88437853471
2279.26559056 337.911571167 1982.9288871 1337.91157117
2228 508 True 5.85293922881
2279.26559056 337.911571167 1981.2061126 1337.91157117
2228 507 True 5.82151493793
2279.26559056 337.911571167 1979.48171166 1337.91157117
2228 506 True 5.79010590654
2279.26559056 337.911571167 1977.75567334 1337.91157117
2228 505 True 5.75871238433
2279.26559056 337.911571167 1976.02798663 1337.91157117
2228 504 True 5.72733462632
2279.26559056 337.911571167 1974.2986405 1337.91157117
2228 503 True 5.69597289305
2279.26559056 337.911571167 1972.56762388 1337.91157117
2228 502 True 5.66462745067
2279.26559056 337.911571167 1970.83492567 1337.91157117
2228 501 True 5.63329857112
2279.26559056 337.911571167 1969.1005347 1337.91157117
2228 500 True 5.60198653229
2279.26559056 337.911571167 1967.36443981 1337.91157117
2228 499 True 5.57069161815
2279.26559056 337.911571167 1965.62662975 1337.91157117
2228 498 True 5.53941411894
2279.26559056 337.911571167 1963.88709327 1337.91157117
2228 497 True 5.50815433133
2279.26559056 337.911571167 1962.14581906 1337.91157117
2228 497 True 5.50815433133
2279.26559056 337.911571167 1960.40279578 1337.91157117
2228 496 True 5.47691255858
2279.26559056 337.911571167 1958.65801204 1337.91157117
2228 495 True 5.44568911076
2279.26559056 337.911571167 1956.91145642 1337.91157117
2228 494 True 5.41448430487
2279.26559056 337.911571167 1955.16311744 1337.91157117
2228 493 True 5.3832984651
2279.26559056 337.911571167 1953.41298361 1337.91157117
2228 492 True 5.35213192299
2279.26559056 337.911571167 1951.66104337 1337.91157117
2228 491 True 5.32098501763
2279.26559056 337.911571167 1949.90728512 1337.91157117
2228 491 True 5.32098501763
2279.26559056 337.911571167 1948.15169725 1337.91157117
2228 490 True 5.28985809588
2279.26559056 337.911571167 1946.39426806 1337.91157117
2228 489 True 5.25875151261
2279.26559056 337.911571167 1944.63498584 1337.91157117
2228 488 True 5.22766563087
2279.26559056 337.911571167 1942.87383883 1337.91157117
2228 487 True 5.19660082217
2279.26559056 337.911571167 1941.11081522 1337.91157117
2228 487 True 5.19660082217
2279.26559056 337.911571167 1939.34590316 1337.91157117
2228 486 True 5.16555746671
2279.26559056 337.911571167 1937.57909075 1337.91157117
2228 485 True 5.13453595359
2279.26559056 337.911571167 1935.81036606 1337.91157117
2228 484 True 5.10353668113
2279.26559056 337.911571167 1934.0397171 1337.91157117
2228 484 True 5.10353668113
2279.26559056 337.911571167 1932.26713183 1337.91157117
2228 483 True 5.07256005706
2279.26559056 337.911571167 1930.4925982 1337.91157117
2228 482 True 5.04160649887
2279.26559056 337.911571167 1928.71610406 1337.91157117
2228 481 True 5.01067643401
2279.26559056 337.911571167 1926.93763726 1337.91157117
2228 481 True 5.01067643401
2279.26559056 337.911571167 1925.15718557 1337.91157117
2228 480 True 4.97977030026
2279.26559056 337.911571167 1923.37473675 1337.91157117
2228 479 True 4.94888854596
2279.26559056 337.911571167 1921.59027846 1337.91157117
2228 479 True 4.94888854596
2279.26559056 337.911571167 1919.80379837 1337.91157117
2228 478 True 4.91803163037
2279.26559056 337.911571167 1918.01528406 1337.91157117
2228 477 True 4.88720002398
2279.26559056 337.911571167 1916.22472307 1337.91157117
2228 477 True 4.88720002398
2279.26559056 337.911571167 1914.43210291 1337.91157117
2228 476 True 4.85639420882
2279.26559056 337.911571167 1912.63741102 1337.91157117
2228 475 True 4.82561467883
2279.26559056 337.911571167 1910.84063479 1337.91157117
2228 474 True 4.7948619402
2279.26559056 337.911571167 1909.04176158 1337.91157117
2228 474 True 4.7948619402
2279.26559056 337.911571167 1907.24077867 1337.91157117
2228 473 True 4.76413651176
2279.26559056 337.911571167 1905.43767332 1337.91157117
2228 473 True 4.76413651176
2279.26559056 337.911571167 1903.63243271 1337.91157117
2228 472 True 4.73343892533
2279.26559056 337.911571167 1901.82504399 1337.91157117
2228 471 True 4.70276972613
2279.26559056 337.911571167 1900.01549426 1337.91157117
2228 471 True 4.70276972613
2279.26559056 337.911571167 1898.20377053 1337.91157117
2228 470 True 4.67212947319
2279.26559056 337.911571167 1896.38985981 1337.91157117
2228 469 True 4.64151873975
2279.26559056 337.911571167 1894.57374902 1337.91157117
2228 469 True 4.64151873975
2279.26559056 337.911571167 1892.75542503 1337.91157117
2228 468 True 4.61093811373
2279.26559056 337.911571167 1890.93487467 1337.91157117
2228 467 True 4.58038819816
2279.26559056 337.911571167 1889.11208471 1337.91157117
2228 467 True 4.58038819816
2279.26559056 337.911571167 1887.28704186 1337.91157117
2228 466 True 4.54986961166
2279.26559056 337.911571167 1885.45973278 1337.91157117
2228 466 True 4.54986961166
2279.26559056 337.911571167 1883.63014407 1337.91157117
2228 465 True 4.51938298891
2279.26559056 337.911571167 1881.79826227 1337.91157117
2228 464 True 4.48892898114
2279.26559056 337.911571167 1879.96407388 1337.91157117
2228 464 True 4.48892898114
2279.26559056 337.911571167 1878.12756532 1337.91157117
2228 463 True 4.4585082567
2279.26559056 337.911571167 1876.28872297 1337.91157117
2228 463 True 4.4585082567
2279.26559056 337.911571167 1874.44753315 1337.91157117
2228 462 True 4.42812150154
2279.26559056 337.911571167 1872.6039821 1337.91157117
2228 462 True 4.42812150154
2279.26559056 337.911571167 1870.75805603 1337.91157117
2228 461 True 4.39776941981
2279.26559056 337.911571167 1868.90974109 1337.91157117
2228 460 True 4.3674527344
2279.26559056 337.911571167 1867.05902333 1337.91157117
2228 460 True 4.3674527344
2279.26559056 337.911571167 1865.2058888 1337.91157117
2228 459 True 4.33717218757
2279.26559056 337.911571167 1863.35032343 1337.91157117
2228 459 True 4.33717218757
2279.26559056 337.911571167 1861.49231314 1337.91157117
2228 458 True 4.30692854155
2279.26559056 337.911571167 1859.63184375 1337.91157117
2228 458 True 4.30692854155
2279.26559056 337.911571167 1857.76890103 1337.91157117
2228 457 True 4.27672257921
2279.26559056 337.911571167 1855.9034707 1337.91157117
2228 457 True 4.27672257921
2279.26559056 337.911571167 1854.03553841 1337.91157117
2228 456 True 4.24655510467
2279.26559056 337.911571167 1852.16508973 1337.91157117
2228 456 True 4.24655510467
2279.26559056 337.911571167 1850.29211018 1337.91157117
2228 455 True 4.21642694404
2279.26559056 337.911571167 1848.41658522 1337.91157117
2228 455 True 4.21642694404
2279.26559056 337.911571167 1846.53850024 1337.91157117
2228 454 True 4.18633894614
2279.26559056 337.911571167 1844.65784057 1337.91157117
2228 454 True 4.18633894614
2279.26559056 337.911571167 1842.77459145 1337.91157117
2228 453 True 4.15629198319
2279.26559056 337.911571167 1840.88873808 1337.91157117
2228 453 True 4.15629198319
2279.26559056 337.911571167 1839.00026559 1337.91157117
2228 452 True 4.12628695162
2279.26559056 337.911571167 1837.10915902 1337.91157117
2228 452 True 4.12628695162
2279.26559056 337.911571167 1835.21540338 1337.91157117
2228 451 True 4.09632477285
2279.26559056 337.911571167 1833.31898357 1337.91157117
2228 451 True 4.09632477285
2279.26559056 337.911571167 1831.41988444 1337.91157117
2228 450 True 4.06640639414
2279.26559056 337.911571167 1829.51809079 1337.91157117
2228 450 True 4.06640639414
2279.26559056 337.911571167 1827.61358731 1337.91157117
2228 449 True 4.0365327894
2279.26559056 337.911571167 1825.70635864 1337.91157117
2228 449 True 4.0365327894
2279.26559056 337.911571167 1823.79638937 1337.91157117
2228 448 True 4.00670496013
2279.26559056 337.911571167 1821.88366397 1337.91157117
2228 448 True 4.00670496013
2279.26559056 337.911571167 1819.96816687 1337.91157117
2228 447 True 3.97692393631
2279.26559056 337.911571167 1818.04988244 1337.91157117
2228 447 True 3.97692393631
2279.26559056 337.911571167 1816.12879493 1337.91157117
2228 447 True 3.97692393631
2279.26559056 337.911571167 1814.20488855 1337.91157117
2228 446 True 3.94719077736
2279.26559056 337.911571167 1812.27814744 1337.91157117
2228 446 True 3.94719077736
2279.26559056 337.911571167 1810.34855565 1337.91157117
2228 445 True 3.91750657314
2279.26559056 337.911571167 1808.41609714 1337.91157117
2228 445 True 3.91750657314
2279.26559056 337.911571167 1806.48075583 1337.91157117
2228 444 True 3.88787244497
2279.26559056 337.911571167 1804.54251554 1337.91157117
2228 444 True 3.88787244497
2279.26559056 337.911571167 1802.60136001 1337.91157117
2228 443 True 3.85828954669
2279.26559056 337.911571167 1800.65727291 1337.91157117
2228 443 True 3.85828954669
2279.26559056 337.911571167 1798.71023783 1337.91157117
2228 442 True 3.82875906579
2279.26559056 337.911571167 1796.76023828 1337.91157117
2228 442 True 3.82875906579
2279.26559056 337.911571167 1794.80725769 1337.91157117
2228 442 True 3.82875906579
2279.26559056 337.911571167 1792.8512794 1337.91157117
2228 441 True 3.79928222453
2279.26559056 337.911571167 1790.8922867 1337.91157117
2228 441 True 3.79928222453
2279.26559056 337.911571167 1788.93026275 1337.91157117
2228 440 True 3.76986028116
2279.26559056 337.911571167 1786.96519067 1337.91157117
2228 440 True 3.76986028116
2279.26559056 337.911571167 1784.99705348 1337.91157117
2228 440 True 3.76986028116
2279.26559056 337.911571167 1783.02583411 1337.91157117
2228 439 True 3.74049453111
2279.26559056 337.911571167 1781.05151541 1337.91157117
2228 439 True 3.74049453111
2279.26559056 337.911571167 1779.07408015 1337.91157117
2228 439 True 3.74049453111
2279.26559056 337.911571167 1777.09351102 1337.91157117
2228 438 True 3.71118630833
2279.26559056 337.911571167 1775.1097906 1337.91157117
2228 438 True 3.71118630833
2279.26559056 337.911571167 1773.12290141 1337.91157117
2228 437 True 3.68193698656
2279.26559056 337.911571167 1771.13282586 1337.91157117
2228 437 True 3.68193698656
2279.26559056 337.911571167 1769.13954629 1337.91157117
2228 437 True 3.68193698656
2279.26559056 337.911571167 1767.14304494 1337.91157117
2228 436 True 3.65274798076
2279.26559056 337.911571167 1765.14330396 1337.91157117
2228 436 True 3.65274798076
2279.26559056 337.911571167 1763.14030542 1337.91157117
2228 435 True 3.62362074848
2279.26559056 337.911571167 1761.13403128 1337.91157117
2228 435 True 3.62362074848
2279.26559056 337.911571167 1759.12446342 1337.91157117
2228 435 True 3.62362074848
2279.26559056 337.911571167 1757.11158364 1337.91157117
2228 434 True 3.59455679143
2279.26559056 337.911571167 1755.09537361 1337.91157117
2228 434 True 3.59455679143
2279.26559056 337.911571167 1753.07581496 1337.91157117
2228 434 True 3.59455679143
2279.26559056 337.911571167 1751.05288917 1337.91157117
2228 433 True 3.56555765691
2279.26559056 337.911571167 1749.02657765 1337.91157117
2228 433 True 3.56555765691
2279.26559056 337.911571167 1746.99686173 1337.91157117
2228 432 True 3.53662493951
2279.26559056 337.911571167 1744.96372261 1337.91157117
2228 432 True 3.53662493951
2279.26559056 337.911571167 1742.92714141 1337.91157117
2228 432 True 3.53662493951
2279.26559056 337.911571167 1740.88709915 1337.91157117
2228 431 True 3.50776028268
2279.26559056 337.911571167 1738.84357675 1337.91157117
2228 431 True 3.50776028268
2279.26559056 337.911571167 1736.79655504 1337.91157117
2228 431 True 3.50776028268
2279.26559056 337.911571167 1734.74601472 1337.91157117
2228 430 True 3.47896538051
2279.26559056 337.911571167 1732.69193642 1337.91157117
2228 430 True 3.47896538051
2279.26559056 337.911571167 1730.63430066 1337.91157117
2228 429 True 3.45024197946
2279.26559056 337.911571167 1728.57308783 1337.91157117
2228 429 True 3.45024197946
2279.26559056 337.911571167 1726.50827826 1337.91157117
2228 429 True 3.45024197946
2279.26559056 337.911571167 1724.43985214 1337.91157117
2228 428 True 3.42159188023
2279.26559056 337.911571167 1722.36778957 1337.91157117
2228 428 True 3.42159188023
2279.26559056 337.911571167 1720.29207054 1337.91157117
2228 428 True 3.42159188023
2279.26559056 337.911571167 1718.21267493 1337.91157117
2228 428 True 3.42159188023
2279.26559056 337.911571167 1716.12958252 1337.91157117
2228 427 True 3.39301693968
0.84204351902 0.866565824025
0.84764277935 0.866565824025
0.847026407719 0.895265774988
0.84981995821 0.895265774988
0.84920412302 0.895265774988
0.853675544262 0.895265774988
0.855326116085 0.895265774988
0.860371172428 0.895265774988
0.860874474049 0.895265774988
0.862497985363 0.895265774988
0.86188095808 0.895265774988
0.860651612282 0.895265774988
0.862293720245 0.895265774988
0.870692551136 0.924238588451
0.872326672077 0.924238588451
0.871709704399 0.924238588451
0.873342394829 0.924238588451
0.876096725464 0.924238588451
0.877725541592 0.924238588451
0.878737092018 0.924238588451
0.888216257095 0.924238588451
0.889835417271 0.924238588451
0.892558693886 0.924238588451
0.89193880558 0.953459390284
0.891327023506 0.953459390284
0.89293640852 0.953459390284
0.902851879597 0.953459390284
0.902253389359 0.953459390284
0.903852164745 0.953459390284
0.905451774597 0.953459390284
0.905945181847 0.953459390284
0.907565236092 0.953459390284
0.911379814148 0.953459390284
0.916796922684 0.982906063406
0.920595765114 0.982906063406
0.922189772129 0.982906063406
0.925995349884 0.982906063406
0.927585661411 0.982906063406
0.926978945732 0.982906063406
0.928568601608 0.982906063406
0.930157244205 0.982906063406
0.935052752495 0.982906063406
0.936018049717 0.982906063406
0.939791142941 1.01255890202
0.939184725285 1.01255890202
0.942952871323 1.01255890202
0.950021445751 1.01255890202
0.951596438885 1.01255890202
0.953172922134 1.01255890202
0.954750955105 1.01255890202
0.956316113472 1.01255890202
0.963361263275 1.0424003121
0.96649491787 1.0424003121
0.973538398743 1.0424003121
0.976191759109 1.0424003121
0.985375463963 1.0424003121
0.986944913864 1.0424003121
0.989573478699 1.0424003121
0.988947629929 1.0424003121
0.990500807762 1.07241455197
0.993141114712 1.07241455197
0.994692385197 1.07241455197
0.996243059635 1.07241455197
1.00431025028 1.07241455197
1.01392018795 1.07241455197
1.01871192455 1.07241455197
1.0234913826 1.07241455197
1.0261040926 1.10258750761
1.02551221848 1.10258750761
1.02704787254 1.10258750761
1.03178703785 1.10258750761
1.03981184959 1.10258750761
1.04243028164 1.10258750761
1.05040431023 1.10258750761
1.0530192852 1.13290649773
1.05561077595 1.13290649773
1.05820894241 1.13290649773
1.05972981453 1.13290649773
1.06555986404 1.13290649773
1.07136785984 1.13290649773
1.06754684448 1.13290649773
1.08127701283 1.16336010473
1.08385252953 1.16336010473
1.08643519878 1.16336010473
1.08901667595 1.16336010473
1.09801805019 1.16336010473
1.10170650482 1.16336010473
1.1042393446 1.16336010473
1.11001384258 1.1939380277
1.11258339882 1.1939380277
1.11195039749 1.1939380277
1.13478350639 1.1939380277
1.1384152174 1.1939380277
1.14096128941 1.1939380277
1.14351546764 1.2246309545
1.14287650585 1.2246309545
1.14649426937 1.2246309545
1.1490470171 1.2246309545
1.14843034744 1.2246309545
1.1626445055 1.25543045027
1.16943502426 1.25543045027
1.17197775841 1.25543045027
1.1755797863 1.25543045027
1.17918014526 1.25543045027
1.18172931671 1.25543045027
1.18533635139 1.28632886007
1.18786466122 1.28632886007
1.19885969162 1.28632886007
1.20666539669 1.28632886007
1.21447491646 1.28632886007
1.21700084209 1.28632886007
1.22059118748 1.31731922366
1.2277380228 1.31731922366
1.22713434696 1.31731922366
1.23910021782 1.31731922366
1.2468804121 1.31731922366
1.25886189938 1.34839520091
1.26347899437 1.34839520091
1.2670570612 1.34839520091
1.27059602737 1.34839520091
1.26995635033 1.37955100619
1.27351605892 1.37955100619
1.28231716156 1.37955100619
1.28587210178 1.37955100619
1.29885339737 1.37955100619
1.30345964432 1.41078135072
1.31223905087 1.41078135072
1.31682884693 1.41078135072
1.32036411762 1.41078135072
1.32912683487 1.41078135072
1.33893203735 1.44208139174
1.34768652916 1.44208139174
1.3522619009 1.44208139174
1.35683953762 1.44208139174
1.36140811443 1.47344668764
1.36597907543 1.47344668764
1.37575590611 1.47344668764
1.3803217411 1.47344668764
nan 1.50487315818
1.3848862648 1.50487315818
1.40088963509 1.50487315818
1.40550529957 1.53635704937
1.41623663902 1.53635704937
1.41561925411 1.53635704937
1.42637753487 1.53635704937
1.43092691898 1.56789490213
1.4365247488 1.56789490213
1.44728028774 1.56789490213
1.45286011696 1.56789490213
1.46364223957 1.59948352449
1.47542905807 1.59948352449
1.48718380928 1.59948352449
1.48654294014 1.6311199668
1.49831438065 1.6311199668
1.50387763977 1.6311199668
1.50943958759 1.66280149962
1.50881683826 1.66280149962
1.5143789053 1.66280149962
1.5333455801 1.69452559384
1.53889548779 1.69452559384
1.55269694328 1.69452559384
1.55825030804 1.72628990301
1.57103192806 1.72628990301
1.58478760719 1.72628990301
1.591370821 1.75809224739
1.60514163971 1.75809224739
1.61169183254 1.75809224739
1.61825442314 1.78993059962
1.63303744793 1.78993059962
1.63959431648 1.78993059962
1.63896167278 1.82180307184
1.6691339016 1.82180307184
1.6839338541 1.82180307184
1.69145488739 1.8537079041
nan 1.8537079041
1.6990224123 1.88564345381
1.7065885067 1.88564345381
1.70595645905 1.91760818628
1.72171652317 1.91760818628
1.73030734062 1.91760818628
1.74605059624 1.94960066611
1.76281487942 1.94960066611
1.77138960361 1.98161954939
1.78916418552 1.98161954939
1.79773235321 1.98161954939
1.80631482601 2.01366357662
1.8424397707 2.01366357662
1.84182178974 2.04573156623
1.85138821602 2.04573156623
1.86096358299 2.07782240876
1.87971115112 2.07782240876
1.87908422947 2.10993506149
1.88865506649 2.10993506149
1.91860258579 2.14206854349
1.93937397003 2.17422193126
nan 2.17422193126
1.96012556553 2.20639435455
1.97070121765 2.20639435455
1.99246311188 2.23858499262
2.00305557251 2.23858499262
2.01361751556 2.27079307085
2.03636050224 2.27079307085
2.04795050621 2.30301785752
2.05952119827 2.33525866094
2.08324241638 2.33525866094
2.09481239319 2.36751482678
2.10738372803 2.39978573554
2.11894464493 2.39978573554
2.13151907921 2.43207080038
2.14409184456 2.46436946491
2.16984462738 2.46436946491
2.18241739273 2.49668120135
nan 2.52900550865
2.23755788803 2.56134191087
2.25215649605 2.56134191087
2.28087306023 2.59368995565
2.2944316864 2.62604921273
2.29381752014 2.65841927268
2.30838990211 2.69079974562
2.33914875984 2.69079974562
2.35371446609 2.72319026011
2.38547682762 2.75559046204
2.41823363304 2.78800001368
2.43482351303 2.8204185927
2.46855354309 2.85284589136
2.46799206734 2.88528161566
2.50269889832 2.91772548461
nan 2.95017722949
2.50212168694 2.98263659323
2.53784871101 3.01510332977
2.55546736717 3.04757720347
2.6123456955 3.08005798859
2.61175751686 3.11254546876
2.61123871803 3.14503943649
2.63074731827 3.21004604657
2.73302173615 3.21004604657
2.75460338593 3.27507632052
2.77515125275 3.34012887618
2.79773783684 3.34012887618
2.8193154335 3.40520243654
nan 3.43774672074
2.86506152153 3.50284960003
2.88864636421 3.53540793158
2.9122300148 3.56797069003
2.93581271172 3.63310901151
2.98555731773 3.665684347
2.98501467705 3.73084682835
3.06389164925 3.79602438103
3.11866617203 3.8286185686
3.14623427391 3.89381731323
3.17381095886 3.95902931459
3.20240139961 4.02425392824
3.29329943657 4.08949055068
nan 4.15473861625
3.35704612732 4.21999759416
3.35649466515 4.25263101826
3.42122340202 4.35054632267
3.45481753349 4.44848301719
3.45430111885 4.48113309299
3.56015586853 4.57909617782
3.59681916237 4.64441516358
3.63442182541 4.7424081879
3.71109604836 4.87309106759
3.75069832802 4.90576610084
3.79130363464 5.03648247976
3.87604618073 5.10184997971
nan 5.23260243748
3.96379756927 5.36337675371
4.00951385498 5.42877161513
4.05612611771 5.55957583843
4.10374116898 5.65769103381
4.15242147446 5.82123772513
4.25298595428 5.88666346414
4.30560684204 6.05024432227
4.47245645523 6.24657036644
4.53007555008 6.34474440108
4.58978223801 6.54111284262
nan 6.63930664697
4.65141201019 6.86844847567
4.71397352219 7.09761991757
4.77859544754 7.22858723906
4.8452796936 7.49054631323
5.0571269989 7.62153722618
5.20884037018 7.91629210015
5.20846414566 8.24383487625
5.37011623383 8.40761963303
5.36977672577 8.7352133774
5.36935663223 8.93178393731
5.54002714157 9.35771990494
nan 9.55431969822
5.53962659836 10.0130831388
6.02259492874 10.5374307822
6.02219629288 10.7996210834
6.02181529999 11.4223616472
nan 11.716213316
nan 11.716213316
nan 12.1751638944
nan 12.6013485611
nan 14.6677992089
nan 15.1923850723
nan 16.4383312855
nan 17.0941190258
nan 18.6680704579
nan 22.3415197285
nan 22.3408696361
nan 22.3402676819
nan 22.3397138696
nan 22.339208203
nan 22.3383413193
nan 22.3379801078
nan 22.3376670531
nan 22.3374021573
nan 22.337185422
nan 22.3370168486
nan 22.3368964383
nan 22.3368241918
nan 22.3368001096
nan 22.3368241918
nan 22.3368964383
nan 22.3370168486
nan 22.3374021573
nan 22.3374021573
nan 22.3379801078
nan 22.3379801078
nan 22.3387506852
nan 22.339208203
nan 22.3397138696
nan 22.3402676819
nan 22.3408696361
nan 22.3415197285
nan 22.3422179548
nan 22.3429643105
nan 22.3446013905
nan 22.3446013905
nan 22.3464309262
nan 22.3464309262
nan 22.3484528704
nan 22.3484528704
nan 22.3506671708
nan 22.351846437
nan 22.3530737704
nan 22.3543491631
nan 22.3556726068
nan 22.3570440932
nan 22.3599311579
nan 22.3599311579
nan 22.3630102828
nan 22.3630102828
nan 22.3662813885
nan 22.367988908
nan 22.3697443908
nan 22.3715478256
nan 22.3733992007
nan 22.3752985042
nan 22.377245724
nan 22.3792408476
nan 22.3833747544
nan 22.3833747544
nan 22.3877001186
nan 22.3877001186
nan 22.3922168291
nan 22.3945469032
nan 22.3969247702
nan 22.3993504148
nan 22.4018238214
nan 22.4043449743
nan 22.4069138573
nan 22.409530454
nan 20.0451210728
nan 19.8163312208
nan 19.3588090666
nan 18.9013682887
nan 18.7053486317
nan 18.2806968992
nan 18.0847315404
nan 17.7255097496
nan 17.5295979137
nan 17.1704789733
nan 16.8440695577
nan 16.68088825
nan 16.3545747699
nan 16.1914435877
nan 15.8652349667
nan 15.5717115559
nan 15.441277225
nan 15.1804481522
nan 15.017457776
nan 14.7567197079
nan 14.5286229874
nan 14.3983034596
nan 14.1377132649
nan 13.9097526642
nan 13.8120718892
nan 13.584190454
nan 13.4865448275
nan 13.2587484102
nan 13.0635445999
nan 12.9659607916
nan 12.7708307514
nan 12.673285098
nan 12.4782340388
nan 12.3157339971
nan 12.2182532117
nan 12.0558184254
nan 11.9583780624
nan 11.7960128622
nan 11.6336935239
nan 11.5687790623
nan 11.406527226
nan 11.2443261123
nan 11.1794603638
nan 11.049754875
nan 10.9849154418
nan 10.8228569624
nan 10.6932528036
nan 10.6284654089
nan 10.4989208951
nan 10.4341641519
nan 10.3370489758
nan 10.3370489758
nan 10.3424075074
nan 10.2130268062
nan 10.083693119
nan 10.0513672558
nan 9.92209492426
nan 9.82517421257
nan 9.76057685052
nan 9.46420687427
nan 9.43192506718
nan 9.33510132217
nan 9.20605499178
nan 9.17380295547
nan 9.07707040892
nan 8.98037409418
nan 8.94815024381
nan 8.85150408738
nan 8.75489700409
nan 8.72270355031
nan 8.62615060906
nan 8.59397560648
nan 8.49747927262
nan 8.43317282509
nan 8.40102710224
nan 8.30462063413
nan 8.24037583769
nan 8.17615256316
nan 8.11195132171
nan 8.04777264065
nan 8.01569192962
nan 7.91948515343
nan 7.85537748842
nan 7.82333293428
nan 7.75926276593
nan 7.69521837644
nan 7.66320605075
nan 7.59920155323
nan 7.53522449813
nan 7.50324648085
nan 7.43931191866
nan 7.37540660668
nan 7.34346515816
nan 7.27960516787
nan 7.21577639557
nan 7.21577639557
nan 7.15197967712
nan 7.08821587799
nan 7.05634660207
nan 6.99263387286
nan 6.96079065591
nan 6.92895636522
nan 6.86531505923
nan 6.83350829796
nan 6.80171097107
nan 6.73814515468
nan 6.70637693851
nan 6.6746187035
nan 6.61113275233
nan 6.57940533064
nan 6.5476884792
nan 6.51598235239
nan 6.45260290492
nan 6.42092990809
nan 6.38926828366
nan 6.35761820155
nan 6.29435336065
nan 6.29435336065
nan 6.23113681289
nan 6.19954711065
nan 6.19954711065
nan 6.13640580548
nan 6.10485459661
nan 6.0733166196
nan 6.04179208168
nan 6.01028119429
nan 5.97878417329
nan 5.94730123897
nan 5.91583261624
nan 5.88437853471
nan 5.85293922881
nan 5.82151493793
nan 5.79010590654
nan 5.75871238433
nan 5.72733462632
nan 5.69597289305
nan 5.66462745067
nan 5.63329857112
nan 5.60198653229
nan 5.57069161815
nan 5.53941411894
nan 5.50815433133
nan 5.50815433133
nan 5.47691255858
nan 5.44568911076
nan 5.41448430487
nan 5.3832984651
nan 5.35213192299
nan 5.32098501763
nan 5.32098501763
nan 5.28985809588
nan 5.25875151261
nan 5.22766563087
nan 5.19660082217
nan 5.19660082217
nan 5.16555746671
nan 5.13453595359
nan 5.10353668113
nan 5.10353668113
nan 5.07256005706
nan 5.04160649887
nan 5.01067643401
nan 5.01067643401
nan 4.97977030026
nan 4.94888854596
nan 4.94888854596
nan 4.91803163037
nan 4.88720002398
nan 4.88720002398
nan 4.85639420882
nan 4.82561467883
nan 4.7948619402
nan 4.7948619402
nan 4.76413651176
nan 4.76413651176
nan 4.73343892533
nan 4.70276972613
nan 4.70276972613
nan 4.67212947319
nan 4.64151873975
nan 4.64151873975
nan 4.61093811373
nan 4.58038819816
nan 4.58038819816
nan 4.54986961166
nan 4.54986961166
nan 4.51938298891
nan 4.48892898114
nan 4.48892898114
nan 4.4585082567
nan 4.4585082567
nan 4.42812150154
nan 4.42812150154
nan 4.39776941981
nan 4.3674527344
nan 4.3674527344
nan 4.33717218757
nan 4.33717218757
nan 4.30692854155
nan 4.30692854155
nan 4.27672257921
nan 4.27672257921
nan 4.24655510467
nan 4.24655510467
nan 4.21642694404
nan 4.21642694404
nan 4.18633894614
nan 4.18633894614
nan 4.15629198319
nan 4.15629198319
nan 4.12628695162
nan 4.12628695162
nan 4.09632477285
nan 4.09632477285
nan 4.06640639414
nan 4.06640639414
nan 4.0365327894
nan 4.0365327894
nan 4.00670496013
nan 4.00670496013
nan 3.97692393631
nan 3.97692393631
nan 3.97692393631
nan 3.94719077736
nan 3.94719077736
nan 3.91750657314
nan 3.91750657314
nan 3.88787244497
nan 3.88787244497
nan 3.85828954669
4.10225009918 3.85828954669
4.01955890656 3.82875906579
4.02230262756 3.82875906579
3.98280453682 3.82875906579
3.98551607132 3.79928222453
3.98824501038 3.79928222453
3.99372649193 3.76986028116
3.99647879601 3.76986028116
3.9992389679 3.76986028116
3.96070885658 3.74049453111
3.96343684196 3.74049453111
3.92592573166 3.74049453111
3.89221858978 3.71118630833
3.89491248131 3.71118630833
3.85838508606 3.68193698656
3.86109447479 3.68193698656
3.86381101608 3.68193698656
3.86653518677 3.65274798076
3.86926627159 3.65274798076
3.87200498581 3.62362074848
nan 3.62362074848
nan 3.62362074848
nan 3.59455679143
nan 3.59455679143
nan 3.59455679143
nan 3.56555765691
nan 3.56555765691
nan 3.53662493951
nan 3.53662493951
nan 3.53662493951
nan 3.50776028268
nan 3.50776028268
nan 3.50776028268
nan 3.47896538051
nan 3.47896538051
nan 3.45024197946
nan 3.45024197946
nan 3.45024197946
nan 3.42159188023
nan 3.42159188023
nan 3.42159188023
nan 3.42159188023
<<<<<<<<<<<<<<<<<<<<<<<<<<<<<<<<<<<<<<<<<<
>>>>>>>>>>>>>>>>>>>>>>>>>>>>>>>>>>>>>>>>>>
2279.26564285 337.911496456 2825.85994162 1337.91149646
2292 360 True 0.866565824025
2279.26564285 337.911496456 2823.80582769 1337.91149646
2292 360 True 0.866565824025
2279.26564285 337.911496456 2821.75525195 1337.91149646
2292 361 True 0.895265774988
2279.26564285 337.911496456 2819.70819499 1337.91149646
2292 361 True 0.895265774988
2279.26564285 337.911496456 2817.66463755 1337.91149646
2292 361 True 0.895265774988
2279.26564285 337.911496456 2815.62456044 1337.91149646
2292 361 True 0.895265774988
2279.26564285 337.911496456 2813.58794459 1337.91149646
2292 361 True 0.895265774988
2279.26564285 337.911496456 2811.55477099 1337.91149646
2292 361 True 0.895265774988
2279.26564285 337.911496456 2809.52502079 1337.91149646
2292 361 True 0.895265774988
2279.26564285 337.911496456 2807.49867518 1337.91149646
2292 361 True 0.895265774988
2279.26564285 337.911496456 2805.47571548 1337.91149646
2292 361 True 0.895265774988
2279.26564285 337.911496456 2803.45612311 1337.91149646
2292 361 True 0.895265774988
2279.26564285 337.911496456 2801.43987955 1337.91149646
