--- Scan values at scan.ranges[0] at constant pose
--- Notice how kinect scan changes but the calculated remains the same
0.933198392391 0.855319359759
0.933230936527 0.855319359759
0.930921673775 0.855319359759
0.93093252182 0.855319359759
0.928647100925 0.855319359759
0.935483813286 0.855319359759
0.930921673775 0.855319359759
0.930921673775 0.855319359759
0.928662240505 0.855319359759
0.93093252182 0.855319359759
0.933230936527 0.855319359759
0.930921673775 0.855319359759
0.930921673775 0.855319359759
0.930919528008 0.855319359759
0.93093252182 0.855319359759
0.935509860516 0.855319359759
0.933211386204 0.855319359759
0.928662240505 0.855319359759
0.933204889297 0.855319359759
0.930951952934 0.855319359759
0.930951952934 0.855319359759
0.928673028946 0.855319359759
0.930272698402 0.855319359759
0.928662240505 0.855319359759
0.933204889297 0.855319359759
0.933200597763 0.855319359759
0.930919528008 0.855319359759
0.933200597763 0.855319359759
0.934794664383 0.855319359759
0.932517468929 0.855319359759
0.930951952934 0.855319359759
0.930926024914 0.855319359759
0.930921673775 0.855319359759
0.930921673775 0.855319359759
0.930926024914 0.855319359759
0.928647100925 0.855319359759
0.928653597832 0.855319359759
0.928662240505 0.855319359759
0.928662240505 0.855319359759
0.93093252182 0.855319359759
0.927969515324 0.855319359759
0.932519614697 0.855319359759
0.928662240505 0.855319359759
0.930926024914 0.855319359759
0.932517468929 0.855319359759
0.930926024914 0.855319359759
0.930926024914 0.855319359759
0.928653597832 0.855319359759
0.928662240505 0.855319359759
0.927522778511 0.855319359759
0.930951952934 0.855319359759
0.932517468929 0.855319359759
0.928647100925 0.855319359759
0.928662240505 0.855319359759
0.928662240505 0.855319359759
0.928653597832 0.855319359759
0.930926024914 0.855319359759
0.932519614697 0.855319359759
0.930926024914 0.855319359759
0.928662240505 0.855319359759
0.930921673775 0.855319359759
0.928640663624 0.855319359759
0.928647100925 0.855319359759
0.930951952934 0.855319359759
0.930926024914 0.855319359759
0.928647100925 0.855319359759
0.93093252182 0.855319359759
0.928653597832 0.855319359759
0.928647100925 0.855319359759
0.928640663624 0.855319359759
0.928653597832 0.855319359759
0.928642809391 0.855319359759
0.928647100925 0.855319359759
0.930926024914 0.855319359759
0.928662240505 0.855319359759
0.928640663624 0.855319359759
0.928642809391 0.855319359759
0.930272698402 0.855319359759
0.933204889297 0.855319359759
0.927507698536 0.855319359759
0.930921673775 0.855319359759
0.928647100925 0.855319359759
0.927503347397 0.855319359759
0.927503347397 0.855319359759
0.932517468929 0.855319359759
0.932519614697 0.855319359759
0.928647100925 0.855319359759
0.932519614697 0.855319359759
0.928662240505 0.855319359759
0.928647100925 0.855319359759
0.930240213871 0.855319359759
0.930921673775 0.855319359759
0.930941164494 0.855319359759
0.930921673775 0.855319359759
0.93093252182 0.855319359759
0.928662240505 0.855319359759
0.928640663624 0.855319359759
0.928662240505 0.855319359759
0.930951952934 0.855319359759
0.928647100925 0.855319359759
0.930921673775 0.855319359759
0.932519614697 0.855319359759
0.927522778511 0.855319359759
0.927965164185 0.855319359759
0.928647100925 0.855319359759
0.928662240505 0.855319359759
0.928647100925 0.855319359759
0.928642809391 0.855319359759
0.932519614697 0.855319359759
