>>>>>>>>>>>>>>>>>>>>>>>>>>>>>>
[[ 0.]
 [ 0.]
 [ 0.]]
[[ 0.]
 [ 0.]
 [ 0.]]
<<<<<<<<<<<<<<<<<<<<<<<<<<<<<<<
>>>>>>>>>>>>>>>>>>>>>>>>>>>>>>
[[ 0.]
 [ 0.]
 [ 0.]]
[[ 0.]
 [ 0.]
 [ 0.]]
<<<<<<<<<<<<<<<<<<<<<<<<<<<<<<<
>>>>>>>>>>>>>>>>>>>>>>>>>>>>>>
[[ 0.]
 [ 0.]
 [ 0.]]
[[ 0.]
 [ 0.]
 [ 0.]]
<<<<<<<<<<<<<<<<<<<<<<<<<<<<<<<
>>>>>>>>>>>>>>>>>>>>>>>>>>>>>>
[[ 82.42757265]
 [ 37.17018052]
 [  3.07285765]]
[[ 82.42757265]
 [ 37.11135959]
 [  3.07285765]]
<<<<<<<<<<<<<<<<<<<<<<<<<<<<<<<
>>>>>>>>>>>>>>>>>>>>>>>>>>>>>>
[[ 82.43023881]
 [ 37.17106093]
 [  3.07317782]]
[[ 82.43023881]
 [ 37.14978468]
 [  3.07317781]]
<<<<<<<<<<<<<<<<<<<<<<<<<<<<<<<
>>>>>>>>>>>>>>>>>>>>>>>>>>>>>>
[[ 82.43150096]
 [ 37.17108897]
 [  3.07108026]]
[[ 82.43150096]
 [ 37.15496012]
 [  3.0710802 ]]
<<<<<<<<<<<<<<<<<<<<<<<<<<<<<<<
>>>>>>>>>>>>>>>>>>>>>>>>>>>>>>
[[ 82.43149075]
 [ 37.17106384]
 [  3.07156638]]
[[ 82.43149075]
 [ 37.15807695]
 [  3.07156638]]
<<<<<<<<<<<<<<<<<<<<<<<<<<<<<<<
>>>>>>>>>>>>>>>>>>>>>>>>>>>>>>
[[ 82.43088631]
 [ 37.17118631]
 [  3.07328578]]
[[ 82.43088631]
 [ 37.16031684]
 [  3.07328578]]
<<<<<<<<<<<<<<<<<<<<<<<<<<<<<<<
>>>>>>>>>>>>>>>>>>>>>>>>>>>>>>
[[ 82.4315069 ]
 [ 37.17115678]
 [  3.07225163]]
[[ 82.4315069 ]
 [ 37.16296011]
 [  3.07225162]]
<<<<<<<<<<<<<<<<<<<<<<<<<<<<<<<
>>>>>>>>>>>>>>>>>>>>>>>>>>>>>>
[[ 82.43150056]
 [ 37.17113528]
 [  3.07239155]]
[[ 82.43150056]
 [ 37.16383605]
 [  3.07239153]]
<<<<<<<<<<<<<<<<<<<<<<<<<<<<<<<
>>>>>>>>>>>>>>>>>>>>>>>>>>>>>>
[[ 82.43113692]
 [ 37.17120163]
 [  3.07334068]]
[[ 82.43113692]
 [ 37.16462271]
 [  3.07334068]]
<<<<<<<<<<<<<<<<<<<<<<<<<<<<<<<
>>>>>>>>>>>>>>>>>>>>>>>>>>>>>>
[[ 82.43118756]
 [ 37.17127775]
 [  3.0733247 ]]
[[ 82.43118756]
 [ 37.16528976]
 [  3.0733247 ]]
<<<<<<<<<<<<<<<<<<<<<<<<<<<<<<<
>>>>>>>>>>>>>>>>>>>>>>>>>>>>>>
[[ 82.43185156]
 [ 37.17128365]
 [  3.07188206]]
[[ 82.43185156]
 [ 37.16578917]
 [  3.07188205]]
<<<<<<<<<<<<<<<<<<<<<<<<<<<<<<<
>>>>>>>>>>>>>>>>>>>>>>>>>>>>>>
[[ 82.43183944]
 [ 37.17134176]
 [  3.07198074]]
[[ 82.43183944]
 [ 37.16626564]
 [  3.07198074]]
<<<<<<<<<<<<<<<<<<<<<<<<<<<<<<<
>>>>>>>>>>>>>>>>>>>>>>>>>>>>>>
[[ 82.43181162]
 [ 37.17131473]
 [  3.07209004]]
[[ 82.43181162]
 [ 37.16659776]
 [  3.07209003]]
<<<<<<<<<<<<<<<<<<<<<<<<<<<<<<<
>>>>>>>>>>>>>>>>>>>>>>>>>>>>>>
[[ 82.43155301]
 [ 37.17136131]
 [  3.07280968]]
[[ 82.43155301]
 [ 37.16747027]
 [  3.07280968]]
<<<<<<<<<<<<<<<<<<<<<<<<<<<<<<<
>>>>>>>>>>>>>>>>>>>>>>>>>>>>>>
[[ 82.43134807]
 [ 37.17138561]
 [  3.07331375]]
[[ 82.43134807]
 [ 37.16770915]
 [  3.07331375]]
<<<<<<<<<<<<<<<<<<<<<<<<<<<<<<<
>>>>>>>>>>>>>>>>>>>>>>>>>>>>>>
[[ 82.43135825]
 [ 37.17134338]
 [  3.07333347]]
[[ 82.43135825]
 [ 37.16803213]
 [  3.07333346]]
<<<<<<<<<<<<<<<<<<<<<<<<<<<<<<<
>>>>>>>>>>>>>>>>>>>>>>>>>>>>>>
[[ 82.43137768]
 [ 37.17135772]
 [  3.07333387]]
[[ 82.43137768]
 [ 37.16834568]
 [  3.07333387]]
<<<<<<<<<<<<<<<<<<<<<<<<<<<<<<<
>>>>>>>>>>>>>>>>>>>>>>>>>>>>>>
[[ 82.43122492]
 [ 37.1713769 ]
 [  3.07370557]]
[[ 82.43122492]
 [ 37.16849506]
 [  3.07370556]]
<<<<<<<<<<<<<<<<<<<<<<<<<<<<<<<
>>>>>>>>>>>>>>>>>>>>>>>>>>>>>>
[[ 82.43140786]
 [ 37.17137862]
 [  3.07333428]]
[[ 82.43140786]
 [ 37.16882759]
 [  3.07333422]]
<<<<<<<<<<<<<<<<<<<<<<<<<<<<<<<
>>>>>>>>>>>>>>>>>>>>>>>>>>>>>>
[[ 82.4312828 ]
 [ 37.17137879]
 [  3.0736459 ]]
[[ 82.4312828 ]
 [ 37.16900912]
 [  3.0736459 ]]
<<<<<<<<<<<<<<<<<<<<<<<<<<<<<<<
>>>>>>>>>>>>>>>>>>>>>>>>>>>>>>
[[ 82.43129394]
 [ 37.17135109]
 [  3.0736369 ]]
[[ 82.43129394]
 [ 37.1691387 ]
 [  3.07363687]]
<<<<<<<<<<<<<<<<<<<<<<<<<<<<<<<
>>>>>>>>>>>>>>>>>>>>>>>>>>>>>>
[[ 82.43142361]
 [ 37.17133341]
 [  3.07335641]]
[[ 82.43142361]
 [ 37.16925872]
 [  3.07335641]]
<<<<<<<<<<<<<<<<<<<<<<<<<<<<<<<
>>>>>>>>>>>>>>>>>>>>>>>>>>>>>>
[[ 82.4316509 ]
 [ 37.17132398]
 [  3.07285235]]
[[ 82.4316509 ]
 [ 37.16937085]
 [  3.07285235]]
<<<<<<<<<<<<<<<<<<<<<<<<<<<<<<<
>>>>>>>>>>>>>>>>>>>>>>>>>>>>>>
[[ 82.43143437]
 [ 37.17131952]
 [  3.0733623 ]]
[[ 82.43143437]
 [ 37.1694745 ]
 [  3.07336227]]
<<<<<<<<<<<<<<<<<<<<<<<<<<<<<<<
>>>>>>>>>>>>>>>>>>>>>>>>>>>>>>
[[ 82.43142634]
 [ 37.17131061]
 [  3.07336631]]
[[ 82.43142634]
 [ 37.16951528]
 [  3.07336629]]
<<<<<<<<<<<<<<<<<<<<<<<<<<<<<<<
>>>>>>>>>>>>>>>>>>>>>>>>>>>>>>
[[ 82.43141873]
 [ 37.17130217]
 [  3.07337012]]
[[ 82.43141873]
 [ 37.16955392]
 [  3.07337009]]
<<<<<<<<<<<<<<<<<<<<<<<<<<<<<<<
>>>>>>>>>>>>>>>>>>>>>>>>>>>>>>
[[ 82.43161293]
 [ 37.17129486]
 [  3.07293971]]
[[ 82.43161293]
 [ 37.16963373]
 [  3.0729397 ]]
<<<<<<<<<<<<<<<<<<<<<<<<<<<<<<<
>>>>>>>>>>>>>>>>>>>>>>>>>>>>>>
[[ 82.43170255]
 [ 37.17129189]
 [  3.07274087]]
[[ 82.43170255]
 [ 37.16967115]
 [  3.07274087]]
<<<<<<<<<<<<<<<<<<<<<<<<<<<<<<<
>>>>>>>>>>>>>>>>>>>>>>>>>>>>>>
[[ 82.43186929]
 [ 37.17128636]
 [  3.07237094]]
[[ 82.43186929]
 [ 37.16974077]
 [  3.07237094]]
<<<<<<<<<<<<<<<<<<<<<<<<<<<<<<<
>>>>>>>>>>>>>>>>>>>>>>>>>>>>>>
[[ 82.43177164]
 [ 37.17128913]
 [  3.07260644]]
[[ 82.43177164]
 [ 37.16981202]
 [  3.07260642]]
<<<<<<<<<<<<<<<<<<<<<<<<<<<<<<<
>>>>>>>>>>>>>>>>>>>>>>>>>>>>>>
[[ 82.43176465]
 [ 37.17128205]
 [  3.0726261 ]]
[[ 82.43176465]
 [ 37.16983696]
 [  3.0726261 ]]
<<<<<<<<<<<<<<<<<<<<<<<<<<<<<<<
>>>>>>>>>>>>>>>>>>>>>>>>>>>>>>
[[ 82.4318396 ]
 [ 37.17127973]
 [  3.07245932]]
[[ 82.4318396]
 [ 37.1698653]
 [  3.0724593]]
<<<<<<<<<<<<<<<<<<<<<<<<<<<<<<<
>>>>>>>>>>>>>>>>>>>>>>>>>>>>>>
[[ 82.43191143]
 [ 37.17127751]
 [  3.07229949]]
[[ 82.43191143]
 [ 37.16989247]
 [  3.07229949]]
<<<<<<<<<<<<<<<<<<<<<<<<<<<<<<<
>>>>>>>>>>>>>>>>>>>>>>>>>>>>>>
[[ 82.43205927]
 [ 37.17127896]
 [  3.07196711]]
[[ 82.43205927]
 [ 37.16992211]
 [  3.07196711]]
<<<<<<<<<<<<<<<<<<<<<<<<<<<<<<<
>>>>>>>>>>>>>>>>>>>>>>>>>>>>>>
[[ 82.43218587]
 [ 37.17127481]
 [  3.07168555]]
[[ 82.43218587]
 [ 37.16997103]
 [  3.07168555]]
<<<<<<<<<<<<<<<<<<<<<<<<<<<<<<<
>>>>>>>>>>>>>>>>>>>>>>>>>>>>>>
[[ 82.43217171]
 [ 37.17126881]
 [  3.07172065]]
[[ 82.43217171]
 [ 37.16999004]
 [  3.07172065]]
<<<<<<<<<<<<<<<<<<<<<<<<<<<<<<<
>>>>>>>>>>>>>>>>>>>>>>>>>>>>>>
[[ 82.43221605]
 [ 37.17126138]
 [  3.07162541]]
[[ 82.43221605]
 [ 37.17002986]
 [  3.07162541]]
<<<<<<<<<<<<<<<<<<<<<<<<<<<<<<<
>>>>>>>>>>>>>>>>>>>>>>>>>>>>>>
[[ 82.4322662 ]
 [ 37.17126033]
 [  3.07150108]]
[[ 82.4322662 ]
 [ 37.17005114]
 [  3.07150108]]
<<<<<<<<<<<<<<<<<<<<<<<<<<<<<<<
>>>>>>>>>>>>>>>>>>>>>>>>>>>>>>
[[ 82.43230489]
 [ 37.17125359]
 [  3.07141856]]
[[ 82.43230489]
 [ 37.17008673]
 [  3.07141856]]
<<<<<<<<<<<<<<<<<<<<<<<<<<<<<<<
>>>>>>>>>>>>>>>>>>>>>>>>>>>>>>
[[ 82.43234095]
 [ 37.17124731]
 [  3.07134163]]
[[ 82.43234095]
 [ 37.17011991]
 [  3.07134162]]
<<<<<<<<<<<<<<<<<<<<<<<<<<<<<<<
>>>>>>>>>>>>>>>>>>>>>>>>>>>>>>
[[ 82.43256438]
 [ 37.17125063]
 [  3.07083905]]
[[ 82.43256438]
 [ 37.17016012]
 [  3.07083905]]
<<<<<<<<<<<<<<<<<<<<<<<<<<<<<<<
>>>>>>>>>>>>>>>>>>>>>>>>>>>>>>
[[ 82.43258991]
 [ 37.17124484]
 [  3.0707854 ]]
[[ 82.43258991]
 [ 37.17018887]
 [  3.0707854 ]]
<<<<<<<<<<<<<<<<<<<<<<<<<<<<<<<
>>>>>>>>>>>>>>>>>>>>>>>>>>>>>>
[[ 82.43261387]
 [ 37.1712394 ]
 [  3.07073505]]
[[ 82.43261387]
 [ 37.17021586]
 [  3.07073505]]
<<<<<<<<<<<<<<<<<<<<<<<<<<<<<<<
>>>>>>>>>>>>>>>>>>>>>>>>>>>>>>
[[ 82.43259624]
 [ 37.17123522]
 [  3.07077711]]
[[ 82.43259624]
 [ 37.17022715]
 [  3.07077711]]
<<<<<<<<<<<<<<<<<<<<<<<<<<<<<<<
>>>>>>>>>>>>>>>>>>>>>>>>>>>>>>
[[ 82.43266619]
 [ 37.17123429]
 [  3.07060094]]
[[ 82.43266619]
 [ 37.17025581]
 [  3.07060094]]
<<<<<<<<<<<<<<<<<<<<<<<<<<<<<<<
>>>>>>>>>>>>>>>>>>>>>>>>>>>>>>
[[ 82.43274109]
 [ 37.17123254]
 [  3.07043484]]
[[ 82.43274109]
 [ 37.17028154]
 [  3.0704313 ]]
<<<<<<<<<<<<<<<<<<<<<<<<<<<<<<<
>>>>>>>>>>>>>>>>>>>>>>>>>>>>>>
[[ 82.4327229 ]
 [ 37.17122875]
 [  3.07047817]]
[[ 82.4327229 ]
 [ 37.17029154]
 [  3.07047817]]
<<<<<<<<<<<<<<<<<<<<<<<<<<<<<<<
>>>>>>>>>>>>>>>>>>>>>>>>>>>>>>
[[ 82.43274059]
 [ 37.17122435]
 [  3.07044176]]
[[ 82.43274059]
 [ 37.17031277]
 [  3.07044176]]
<<<<<<<<<<<<<<<<<<<<<<<<<<<<<<<
>>>>>>>>>>>>>>>>>>>>>>>>>>>>>>
[[ 82.43277501]
 [ 37.17122366]
 [  3.07036535]]
[[ 82.43277501]
 [ 37.17032438]
 [  3.07036535]]
<<<<<<<<<<<<<<<<<<<<<<<<<<<<<<<
>>>>>>>>>>>>>>>>>>>>>>>>>>>>>>
[[ 82.43274054]
 [ 37.17121635]
 [  3.07044746]]
[[ 82.43274054]
 [ 37.1703407 ]
 [  3.07044746]]
<<<<<<<<<<<<<<<<<<<<<<<<<<<<<<<
>>>>>>>>>>>>>>>>>>>>>>>>>>>>>>
[[ 82.43272378]
 [ 37.17121307]
 [  3.07048725]]
[[ 82.43272378]
 [ 37.17034876]
 [  3.07048725]]
<<<<<<<<<<<<<<<<<<<<<<<<<<<<<<<
>>>>>>>>>>>>>>>>>>>>>>>>>>>>>>
[[ 82.4327401 ]
 [ 37.1712094 ]
 [  3.07045337]]
[[ 82.4327401 ]
 [ 37.17036694]
 [  3.07045337]]
<<<<<<<<<<<<<<<<<<<<<<<<<<<<<<<
>>>>>>>>>>>>>>>>>>>>>>>>>>>>>>
[[ 82.43272398]
 [ 37.17120632]
 [  3.07049159]]
[[ 82.43272398]
 [ 37.17037436]
 [  3.07049149]]
<<<<<<<<<<<<<<<<<<<<<<<<<<<<<<<
>>>>>>>>>>>>>>>>>>>>>>>>>>>>>>
[[ 82.43270825]
 [ 37.17120332]
 [  3.07052887]]
[[ 82.43270825]
 [ 37.17038163]
 [  3.07052887]]
<<<<<<<<<<<<<<<<<<<<<<<<<<<<<<<
>>>>>>>>>>>>>>>>>>>>>>>>>>>>>>
[[ 82.4326929 ]
 [ 37.17120039]
 [  3.07056523]]
[[ 82.4326929 ]
 [ 37.17038871]
 [  3.07056523]]
<<<<<<<<<<<<<<<<<<<<<<<<<<<<<<<
>>>>>>>>>>>>>>>>>>>>>>>>>>>>>>
[[ 82.43275468]
 [ 37.17119974]
 [  3.07042767]]
[[ 82.43275468]
 [ 37.17040735]
 [  3.07042767]]
<<<<<<<<<<<<<<<<<<<<<<<<<<<<<<<
>>>>>>>>>>>>>>>>>>>>>>>>>>>>>>
[[ 82.43281358]
 [ 37.17119912]
 [  3.0702965 ]]
[[ 82.43281358]
 [ 37.17042513]
 [  3.0702965 ]]
<<<<<<<<<<<<<<<<<<<<<<<<<<<<<<<
>>>>>>>>>>>>>>>>>>>>>>>>>>>>>>
[[ 82.4328262 ]
 [ 37.17119615]
 [  3.07027042]]
[[ 82.4328262 ]
 [ 37.17043972]
 [  3.07027042]]
<<<<<<<<<<<<<<<<<<<<<<<<<<<<<<<
>>>>>>>>>>>>>>>>>>>>>>>>>>>>>>
[[ 82.43285385]
 [ 37.17119589]
 [  3.07020881]]
[[ 82.43285385]
 [ 37.17044795]
 [  3.07020881]]
<<<<<<<<<<<<<<<<<<<<<<<<<<<<<<<
>>>>>>>>>>>>>>>>>>>>>>>>>>>>>>
[[ 82.43288089]
 [ 37.17119564]
 [  3.07014857]]
[[ 82.43288089]
 [ 37.17045599]
 [  3.07014857]]
<<<<<<<<<<<<<<<<<<<<<<<<<<<<<<<
>>>>>>>>>>>>>>>>>>>>>>>>>>>>>>
[[ 82.43290734]
 [ 37.17119539]
 [  3.07008966]]
[[ 82.43290734]
 [ 37.17046386]
 [  3.07008966]]
<<<<<<<<<<<<<<<<<<<<<<<<<<<<<<<
>>>>>>>>>>>>>>>>>>>>>>>>>>>>>>
[[ 82.43295852]
 [ 37.17119491]
 [  3.06997563]]
[[ 82.43295852]
 [ 37.17047909]
 [  3.06997563]]
<<<<<<<<<<<<<<<<<<<<<<<<<<<<<<<
>>>>>>>>>>>>>>>>>>>>>>>>>>>>>>
[[ 82.43296973]
 [ 37.17120356]
 [  3.06995459]]
[[ 82.43296973]
 [ 37.17050279]
 [  3.06995459]]
<<<<<<<<<<<<<<<<<<<<<<<<<<<<<<<
>>>>>>>>>>>>>>>>>>>>>>>>>>>>>>
[[ 82.43297795]
 [ 37.17120077]
 [  3.06993798]]
[[ 82.43297795]
 [ 37.17051443]
 [  3.06993798]]
<<<<<<<<<<<<<<<<<<<<<<<<<<<<<<<
>>>>>>>>>>>>>>>>>>>>>>>>>>>>>>
[[ 82.43283619]
 [ 37.17121008]
 [  3.07026686]]
[[ 82.43283619]
 [ 37.17053758]
 [  3.07026686]]
<<<<<<<<<<<<<<<<<<<<<<<<<<<<<<<
>>>>>>>>>>>>>>>>>>>>>>>>>>>>>>
[[ 82.43284673]
 [ 37.17120727]
 [  3.07024473]]
[[ 82.43284673]
 [ 37.17054807]
 [  3.07024473]]
<<<<<<<<<<<<<<<<<<<<<<<<<<<<<<<
>>>>>>>>>>>>>>>>>>>>>>>>>>>>>>
[[ 82.43289109]
 [ 37.1712069 ]
 [  3.07013876]]
[[ 82.43289109]
 [ 37.17056049]
 [  3.07013876]]
<<<<<<<<<<<<<<<<<<<<<<<<<<<<<<<
>>>>>>>>>>>>>>>>>>>>>>>>>>>>>>
[[ 82.43293673]
 [ 37.17120626]
 [  3.07003683]]
[[ 82.43293673]
 [ 37.17057214]
 [  3.07003683]]
<<<<<<<<<<<<<<<<<<<<<<<<<<<<<<<
>>>>>>>>>>>>>>>>>>>>>>>>>>>>>>
[[ 82.43298067]
 [ 37.17120564]
 [  3.06993871]]
[[ 82.43298067]
 [ 37.17058336]
 [  3.06993871]]
<<<<<<<<<<<<<<<<<<<<<<<<<<<<<<<
>>>>>>>>>>>>>>>>>>>>>>>>>>>>>>
[[ 82.43300203]
 [ 37.17120534]
 [  3.06989101]]
[[ 82.43300203]
 [ 37.17058881]
 [  3.06989101]]
<<<<<<<<<<<<<<<<<<<<<<<<<<<<<<<
>>>>>>>>>>>>>>>>>>>>>>>>>>>>>>
[[ 82.43297381]
 [ 37.17120094]
 [  3.06995683]]
[[ 82.43297381]
 [ 37.17059561]
 [  3.06995683]]
<<<<<<<<<<<<<<<<<<<<<<<<<<<<<<<
