>>>>>>>>>>>>>>>>>>>>>>>>>>>>>>
[[ 0.]
 [ 0.]
 [ 0.]]
[[ 0.]
 [ 0.]
 [ 0.]]
<<<<<<<<<<<<<<<<<<<<<<<<<<<<<<<
>>>>>>>>>>>>>>>>>>>>>>>>>>>>>>
[[ 0.]
 [ 0.]
 [ 0.]]
[[ 0.]
 [ 0.]
 [ 0.]]
<<<<<<<<<<<<<<<<<<<<<<<<<<<<<<<
>>>>>>>>>>>>>>>>>>>>>>>>>>>>>>
[[ 82.40673782]
 [ 37.07747276]
 [  3.10985628]]
[[ 113.30750015]
 [  50.98607817]
 [   5.09730257]]
<<<<<<<<<<<<<<<<<<<<<<<<<<<<<<<
>>>>>>>>>>>>>>>>>>>>>>>>>>>>>>
[[ 82.41006703]
 [ 37.07856751]
 [  3.10834124]]
[[ 96.14475876]
 [ 43.26033625]
 [  4.21669148]]
<<<<<<<<<<<<<<<<<<<<<<<<<<<<<<<
>>>>>>>>>>>>>>>>>>>>>>>>>>>>>>
[[ 82.41108537]
 [ 37.07869949]
 [  3.1070003 ]]
[[ 91.24072438]
 [ 41.0520532 ]
 [  3.85649715]]
<<<<<<<<<<<<<<<<<<<<<<<<<<<<<<<
>>>>>>>>>>>>>>>>>>>>>>>>>>>>>>
[[ 82.41103479]
 [ 37.07869212]
 [  3.10754902]]
[[ 89.90285836]
 [ 40.45009873]
 [  3.76163011]]
<<<<<<<<<<<<<<<<<<<<<<<<<<<<<<<
>>>>>>>>>>>>>>>>>>>>>>>>>>>>>>
[[ 82.41142741]
 [ 37.07874489]
 [  3.10691177]]
[[ 88.160521  ]
 [ 39.66895828]
 [  3.74580566]]
<<<<<<<<<<<<<<<<<<<<<<<<<<<<<<<
>>>>>>>>>>>>>>>>>>>>>>>>>>>>>>
[[ 82.41116156]
 [ 37.07878155]
 [  3.10786145]]
[[ 87.5618046 ]
 [ 39.396644  ]
 [  3.57794797]]
<<<<<<<<<<<<<<<<<<<<<<<<<<<<<<<
>>>>>>>>>>>>>>>>>>>>>>>>>>>>>>
[[ 82.41109946]
 [ 37.07881928]
 [  3.108292  ]]
[[ 86.67328927]
 [ 38.99954378]
 [  3.61060777]]
<<<<<<<<<<<<<<<<<<<<<<<<<<<<<<<
>>>>>>>>>>>>>>>>>>>>>>>>>>>>>>
[[ 82.41107299]
 [ 37.07880561]
 [  3.10845872]]
[[ 86.33537496]
 [ 38.84484371]
 [  3.4768339 ]]
<<<<<<<<<<<<<<<<<<<<<<<<<<<<<<<
>>>>>>>>>>>>>>>>>>>>>>>>>>>>>>
[[ 82.41103685]
 [ 37.07883181]
 [  3.10871169]]
[[ 85.7977595 ]
 [ 38.60295075]
 [  3.43007905]]
<<<<<<<<<<<<<<<<<<<<<<<<<<<<<<<
>>>>>>>>>>>>>>>>>>>>>>>>>>>>>>
[[ 82.41114141]
 [ 37.07883657]
 [  3.10846424]]
[[ 85.58077016]
 [ 38.50527255]
 [  3.41108643]]
<<<<<<<<<<<<<<<<<<<<<<<<<<<<<<<
>>>>>>>>>>>>>>>>>>>>>>>>>>>>>>
[[ 82.4111036 ]
 [ 37.0788545 ]
 [  3.10867192]]
[[ 85.22053538]
 [ 38.34349983]
 [  3.3898402 ]]
<<<<<<<<<<<<<<<<<<<<<<<<<<<<<<<
>>>>>>>>>>>>>>>>>>>>>>>>>>>>>>
[[ 82.41100223]
 [ 37.07886611]
 [  3.10904898]]
[[ 85.06892442]
 [ 38.27801694]
 [  3.51034399]]
<<<<<<<<<<<<<<<<<<<<<<<<<<<<<<<
>>>>>>>>>>>>>>>>>>>>>>>>>>>>>>
[[ 82.41118337]
 [ 37.07888051]
 [  3.10855613]]
[[ 84.93366853]
 [ 38.21581719]
 [  3.42199738]]
<<<<<<<<<<<<<<<<<<<<<<<<<<<<<<<
>>>>>>>>>>>>>>>>>>>>>>>>>>>>>>
[[ 82.41125447]
 [ 37.07888165]
 [  3.10837833]]
[[ 84.81154508]
 [ 38.1593564 ]
 [  3.35046926]]
<<<<<<<<<<<<<<<<<<<<<<<<<<<<<<<
>>>>>>>>>>>>>>>>>>>>>>>>>>>>>>
[[ 82.41123559]
 [ 37.07890283]
 [  3.10846352]]
[[ 84.70030704]
 [ 38.10964614]
 [  3.35465647]]
<<<<<<<<<<<<<<<<<<<<<<<<<<<<<<<
>>>>>>>>>>>>>>>>>>>>>>>>>>>>>>
[[ 82.41123559]
 [ 37.07890283]
 [  3.10846352]]
[[ 84.70042003]
 [ 38.10909643]
 [  3.33042357]]
<<<<<<<<<<<<<<<<<<<<<<<<<<<<<<<
>>>>>>>>>>>>>>>>>>>>>>>>>>>>>>
[[ 82.41121497]
 [ 37.07889158]
 [  3.10854666]]
[[ 84.59910699]
 [ 38.0635162 ]
 [  3.32166583]]
<<<<<<<<<<<<<<<<<<<<<<<<<<<<<<<
>>>>>>>>>>>>>>>>>>>>>>>>>>>>>>
[[ 82.41119614]
 [ 37.07888131]
 [  3.10862257]]
[[ 84.50637015]
 [ 38.02199429]
 [  3.32073821]]
<<<<<<<<<<<<<<<<<<<<<<<<<<<<<<<
>>>>>>>>>>>>>>>>>>>>>>>>>>>>>>
[[ 82.41103299]
 [ 37.07889633]
 [  3.10916948]]
[[ 84.34240799]
 [ 37.94866472]
 [  3.32160044]]
<<<<<<<<<<<<<<<<<<<<<<<<<<<<<<<
>>>>>>>>>>>>>>>>>>>>>>>>>>>>>>
[[ 82.41102333]
 [ 37.07888706]
 [  3.10921268]]
[[ 84.26990371]
 [ 37.91543671]
 [  3.29112116]]
<<<<<<<<<<<<<<<<<<<<<<<<<<<<<<<
>>>>>>>>>>>>>>>>>>>>>>>>>>>>>>
[[ 82.41094968]
 [ 37.07889401]
 [  3.10944402]]
[[ 84.20244017]
 [ 37.88574671]
 [  3.30765424]]
<<<<<<<<<<<<<<<<<<<<<<<<<<<<<<<
>>>>>>>>>>>>>>>>>>>>>>>>>>>>>>
[[ 82.41094074]
 [ 37.07890057]
 [  3.10949819]]
[[ 84.08142103]
 [ 37.83067827]
 [  3.27408668]]
<<<<<<<<<<<<<<<<<<<<<<<<<<<<<<<
>>>>>>>>>>>>>>>>>>>>>>>>>>>>>>
[[ 82.41093544]
 [ 37.07889239]
 [  3.10952468]]
[[ 84.02681059]
 [ 37.80630093]
 [  3.27616982]]
<<<<<<<<<<<<<<<<<<<<<<<<<<<<<<<
>>>>>>>>>>>>>>>>>>>>>>>>>>>>>>
[[ 82.41093049]
 [ 37.07888474]
 [  3.10954945]]
[[ 83.97567115]
 [ 37.78326057]
 [  3.27059503]]
<<<<<<<<<<<<<<<<<<<<<<<<<<<<<<<
>>>>>>>>>>>>>>>>>>>>>>>>>>>>>>
[[ 82.41103199]
 [ 37.07888586]
 [  3.10927373]]
[[ 83.88260681]
 [ 37.74165881]
 [  3.27301705]]
<<<<<<<<<<<<<<<<<<<<<<<<<<<<<<<
>>>>>>>>>>>>>>>>>>>>>>>>>>>>>>
[[ 82.41112233]
 [ 37.07888652]
 [  3.10902888]]
[[ 83.79990017]
 [ 37.70488297]
 [  3.28676576]]
<<<<<<<<<<<<<<<<<<<<<<<<<<<<<<<
>>>>>>>>>>>>>>>>>>>>>>>>>>>>>>
[[ 82.41111499]
 [ 37.07889875]
 [  3.1090605 ]]
[[ 83.76210818]
 [ 37.6868865 ]
 [  3.24275004]]
<<<<<<<<<<<<<<<<<<<<<<<<<<<<<<<
>>>>>>>>>>>>>>>>>>>>>>>>>>>>>>
[[ 82.41110599]
 [ 37.07889217]
 [  3.1090938 ]]
[[ 83.72616827]
 [ 37.67071292]
 [  3.23943289]]
<<<<<<<<<<<<<<<<<<<<<<<<<<<<<<<
>>>>>>>>>>>>>>>>>>>>>>>>>>>>>>
[[ 82.41109746]
 [ 37.07888593]
 [  3.10912535]]
[[ 83.6920887 ]
 [ 37.6553809 ]
 [  3.23641127]]
<<<<<<<<<<<<<<<<<<<<<<<<<<<<<<<
>>>>>>>>>>>>>>>>>>>>>>>>>>>>>>
[[ 82.41108937]
 [ 37.07888002]
 [  3.10915528]]
[[ 83.65972652]
 [ 37.64096491]
 [  3.23873323]]
<<<<<<<<<<<<<<<<<<<<<<<<<<<<<<<
>>>>>>>>>>>>>>>>>>>>>>>>>>>>>>
[[ 82.41108168]
 [ 37.0788744 ]
 [  3.10918372]]
[[ 83.62896339]
 [ 37.62713011]
 [  3.23621554]]
<<<<<<<<<<<<<<<<<<<<<<<<<<<<<<<
>>>>>>>>>>>>>>>>>>>>>>>>>>>>>>
[[ 82.41108032]
 [ 37.07886877]
 [  3.10921076]]
[[ 83.59969377]
 [ 37.61378982]
 [  3.22756123]]
<<<<<<<<<<<<<<<<<<<<<<<<<<<<<<<
>>>>>>>>>>>>>>>>>>>>>>>>>>>>>>
[[ 82.41107321]
 [ 37.07886369]
 [  3.10923652]]
[[ 83.57178479]
 [ 37.60122931]
 [  3.22492923]]
<<<<<<<<<<<<<<<<<<<<<<<<<<<<<<<
>>>>>>>>>>>>>>>>>>>>>>>>>>>>>>
[[ 82.41103149]
 [ 37.07886833]
 [  3.10938123]]
[[ 83.54512129]
 [ 37.5892412 ]
 [  3.22205188]]
<<<<<<<<<<<<<<<<<<<<<<<<<<<<<<<
>>>>>>>>>>>>>>>>>>>>>>>>>>>>>>
[[ 82.41102581]
 [ 37.07886349]
 [  3.10940195]]
[[ 83.51962784]
 [ 37.57808911]
 [  3.2327572 ]]
<<<<<<<<<<<<<<<<<<<<<<<<<<<<<<<
>>>>>>>>>>>>>>>>>>>>>>>>>>>>>>
[[ 82.41102039]
 [ 37.07885886]
 [  3.10942174]]
[[ 83.49535893]
 [ 37.56699509]
 [  3.22269098]]
<<<<<<<<<<<<<<<<<<<<<<<<<<<<<<<
>>>>>>>>>>>>>>>>>>>>>>>>>>>>>>
[[ 82.41109482]
 [ 37.07886497]
 [  3.10921007]]
[[ 83.47217535]
 [ 37.55638318]
 [  3.21485238]]
<<<<<<<<<<<<<<<<<<<<<<<<<<<<<<<
>>>>>>>>>>>>>>>>>>>>>>>>>>>>>>
[[ 82.41108978]
 [ 37.07887479]
 [  3.10923044]]
[[ 83.4498772 ]
 [ 37.54636465]
 [  3.2128251 ]]
<<<<<<<<<<<<<<<<<<<<<<<<<<<<<<<
>>>>>>>>>>>>>>>>>>>>>>>>>>>>>>
[[ 82.41108845]
 [ 37.07886998]
 [  3.10925257]]
[[ 83.42849057]
 [ 37.53687037]
 [  3.21550417]]
<<<<<<<<<<<<<<<<<<<<<<<<<<<<<<<
>>>>>>>>>>>>>>>>>>>>>>>>>>>>>>
[[ 82.41111266]
 [ 37.07886635]
 [  3.10918832]]
[[ 83.3883051 ]
 [ 37.51875509]
 [  3.21100357]]
<<<<<<<<<<<<<<<<<<<<<<<<<<<<<<<
>>>>>>>>>>>>>>>>>>>>>>>>>>>>>>
[[ 82.41110617]
 [ 37.07886221]
 [  3.10920997]]
[[ 83.369317  ]
 [ 37.51036679]
 [  3.21627818]]
<<<<<<<<<<<<<<<<<<<<<<<<<<<<<<<
>>>>>>>>>>>>>>>>>>>>>>>>>>>>>>
[[ 82.41109993]
 [ 37.07885823]
 [  3.10923079]]
[[ 83.35114469]
 [ 37.50190948]
 [  3.20316018]]
<<<<<<<<<<<<<<<<<<<<<<<<<<<<<<<
>>>>>>>>>>>>>>>>>>>>>>>>>>>>>>
[[ 82.41112834]
 [ 37.07885908]
 [  3.10915097]]
[[ 83.33363498]
 [ 37.49402364]
 [  3.20157929]]
<<<<<<<<<<<<<<<<<<<<<<<<<<<<<<<
>>>>>>>>>>>>>>>>>>>>>>>>>>>>>>
[[ 82.41121547]
 [ 37.07886498]
 [  3.10890339]]
[[ 83.30042917]
 [ 37.47971539]
 [  3.2250984 ]]
<<<<<<<<<<<<<<<<<<<<<<<<<<<<<<<
>>>>>>>>>>>>>>>>>>>>>>>>>>>>>>
[[ 82.41126451]
 [ 37.07886612]
 [  3.10876603]]
[[ 83.26971002]
 [ 37.46519272]
 [  3.19461686]]
<<<<<<<<<<<<<<<<<<<<<<<<<<<<<<<
>>>>>>>>>>>>>>>>>>>>>>>>>>>>>>
[[ 82.41124815]
 [ 37.07885897]
 [  3.10881778]]
[[ 83.24088206]
 [ 37.45231334]
 [  3.19520828]]
<<<<<<<<<<<<<<<<<<<<<<<<<<<<<<<
>>>>>>>>>>>>>>>>>>>>>>>>>>>>>>
[[ 82.41124165]
 [ 37.07886677]
 [  3.10884028]]
[[ 83.22718487]
 [ 37.44616487]
 [  3.19406103]]
<<<<<<<<<<<<<<<<<<<<<<<<<<<<<<<
>>>>>>>>>>>>>>>>>>>>>>>>>>>>>>
[[ 82.41125659]
 [ 37.07886364]
 [  3.10880104]]
[[ 83.20113617]
 [ 37.43433312]
 [  3.18789495]]
<<<<<<<<<<<<<<<<<<<<<<<<<<<<<<<
>>>>>>>>>>>>>>>>>>>>>>>>>>>>>>
[[ 82.41124906]
 [ 37.07886033]
 [  3.10882472]]
[[ 83.18870788]
 [ 37.42874498]
 [  3.18685369]]
<<<<<<<<<<<<<<<<<<<<<<<<<<<<<<<
>>>>>>>>>>>>>>>>>>>>>>>>>>>>>>
[[ 82.41121446]
 [ 37.07886368]
 [  3.10892838]]
[[ 83.17654485]
 [ 37.42386262]
 [  3.20891018]]
<<<<<<<<<<<<<<<<<<<<<<<<<<<<<<<
>>>>>>>>>>>>>>>>>>>>>>>>>>>>>>
[[ 82.41123586]
 [ 37.07886429]
 [  3.10886794]]
[[ 83.16499255]
 [ 37.41808121]
 [  3.18453586]]
<<<<<<<<<<<<<<<<<<<<<<<<<<<<<<<
>>>>>>>>>>>>>>>>>>>>>>>>>>>>>>
[[ 82.41123268]
 [ 37.07886095]
 [  3.10888953]]
[[ 83.15367164]
 [ 37.41298538]
 [  3.18347153]]
<<<<<<<<<<<<<<<<<<<<<<<<<<<<<<<
>>>>>>>>>>>>>>>>>>>>>>>>>>>>>>
[[ 82.41128061]
 [ 37.07886511]
 [  3.10875215]]
[[ 83.1427335 ]
 [ 37.40812095]
 [  3.18496409]]
<<<<<<<<<<<<<<<<<<<<<<<<<<<<<<<
>>>>>>>>>>>>>>>>>>>>>>>>>>>>>>
[[ 82.41127327]
 [ 37.07886202]
 [  3.1087748 ]]
[[ 83.13206732]
 [ 37.40324178]
 [  3.18108644]]
<<<<<<<<<<<<<<<<<<<<<<<<<<<<<<<
>>>>>>>>>>>>>>>>>>>>>>>>>>>>>>
[[ 82.41124437]
 [ 37.07886494]
 [  3.10887167]]
[[ 83.12167802]
 [ 37.39866303]
 [  3.18306155]]
<<<<<<<<<<<<<<<<<<<<<<<<<<<<<<<
>>>>>>>>>>>>>>>>>>>>>>>>>>>>>>
[[ 82.41121017]
 [ 37.07886478]
 [  3.10898447]]
[[ 83.10179906]
 [ 37.3897319 ]
 [  3.18120521]]
<<<<<<<<<<<<<<<<<<<<<<<<<<<<<<<
>>>>>>>>>>>>>>>>>>>>>>>>>>>>>>
[[ 82.41122955]
 [ 37.07886532]
 [  3.10892913]]
[[ 83.09231007]
 [ 37.3853735 ]
 [  3.17733626]]
<<<<<<<<<<<<<<<<<<<<<<<<<<<<<<<
>>>>>>>>>>>>>>>>>>>>>>>>>>>>>>
[[ 82.41121745]
 [ 37.07885964]
 [  3.10896598]]
[[ 83.07403838]
 [ 37.37714991]
 [  3.17554721]]
<<<<<<<<<<<<<<<<<<<<<<<<<<<<<<<
>>>>>>>>>>>>>>>>>>>>>>>>>>>>>>
[[ 82.411183  ]
 [ 37.07885978]
 [  3.10906887]]
[[ 83.05661884]
 [ 37.36980768]
 [  3.19338263]]
<<<<<<<<<<<<<<<<<<<<<<<<<<<<<<<
>>>>>>>>>>>>>>>>>>>>>>>>>>>>>>
[[ 82.41117779]
 [ 37.07885712]
 [  3.10908476]]
[[ 83.04837149]
 [ 37.36570287]
 [  3.17634918]]
<<<<<<<<<<<<<<<<<<<<<<<<<<<<<<<
>>>>>>>>>>>>>>>>>>>>>>>>>>>>>>
[[ 82.41119085]
 [ 37.07885515]
 [  3.10904835]]
[[ 83.03237336]
 [ 37.35848417]
 [  3.1742836 ]]
<<<<<<<<<<<<<<<<<<<<<<<<<<<<<<<
>>>>>>>>>>>>>>>>>>>>>>>>>>>>>>
[[ 82.41115918]
 [ 37.0788554 ]
 [  3.10914285]]
[[ 83.01711606]
 [ 37.35163773]
 [  3.1730584 ]]
<<<<<<<<<<<<<<<<<<<<<<<<<<<<<<<
>>>>>>>>>>>>>>>>>>>>>>>>>>>>>>
[[ 82.41115458]
 [ 37.07885296]
 [  3.10915688]]
[[ 83.00977919]
 [ 37.34825644]
 [  3.1694959 ]]
<<<<<<<<<<<<<<<<<<<<<<<<<<<<<<<
>>>>>>>>>>>>>>>>>>>>>>>>>>>>>>
[[ 82.41115009]
 [ 37.07885057]
 [  3.10917056]]
[[ 83.0025825 ]
 [ 37.34518396]
 [  3.17564551]]
<<<<<<<<<<<<<<<<<<<<<<<<<<<<<<<
>>>>>>>>>>>>>>>>>>>>>>>>>>>>>>
[[ 82.4111457 ]
 [ 37.07884825]
 [  3.10918392]]
[[ 82.99561824]
 [ 37.34188549]
 [  3.1682119 ]]
<<<<<<<<<<<<<<<<<<<<<<<<<<<<<<<
>>>>>>>>>>>>>>>>>>>>>>>>>>>>>>
[[ 82.41114142]
 [ 37.07884598]
 [  3.10919696]]
[[ 82.98871564]
 [ 37.33920412]
 [  3.18476411]]
<<<<<<<<<<<<<<<<<<<<<<<<<<<<<<<
>>>>>>>>>>>>>>>>>>>>>>>>>>>>>>
[[ 82.41115844]
 [ 37.07884664]
 [  3.10914816]]
[[ 82.98213298]
 [ 37.33580697]
 [  3.16674991]]
<<<<<<<<<<<<<<<<<<<<<<<<<<<<<<<
>>>>>>>>>>>>>>>>>>>>>>>>>>>>>>
[[ 82.41115411]
 [ 37.07884444]
 [  3.10916132]]
[[ 82.9756074 ]
 [ 37.33293672]
 [  3.16851697]]
<<<<<<<<<<<<<<<<<<<<<<<<<<<<<<<
>>>>>>>>>>>>>>>>>>>>>>>>>>>>>>
[[ 82.41114988]
 [ 37.07884229]
 [  3.10917417]]
[[ 82.96923074]
 [ 37.33006846]
 [  3.16792849]]
<<<<<<<<<<<<<<<<<<<<<<<<<<<<<<<
>>>>>>>>>>>>>>>>>>>>>>>>>>>>>>
[[ 82.41114575]
 [ 37.07884019]
 [  3.10918674]]
[[ 82.96293523]
 [ 37.32757645]
 [  3.18146806]]
<<<<<<<<<<<<<<<<<<<<<<<<<<<<<<<
>>>>>>>>>>>>>>>>>>>>>>>>>>>>>>
[[ 82.41116197]
 [ 37.07884089]
 [  3.10914022]]
[[ 82.95689705]
 [ 37.32460776]
 [  3.17100901]]
<<<<<<<<<<<<<<<<<<<<<<<<<<<<<<<
>>>>>>>>>>>>>>>>>>>>>>>>>>>>>>
[[ 82.41116197]
 [ 37.07884089]
 [  3.10914022]]
[[ 82.95692802]
 [ 37.3244549 ]
 [  3.16417425]]
<<<<<<<<<<<<<<<<<<<<<<<<<<<<<<<
>>>>>>>>>>>>>>>>>>>>>>>>>>>>>>
[[ 82.41115779]
 [ 37.07883885]
 [  3.10915289]]
[[ 82.95093605]
 [ 37.32191629]
 [  3.17008237]]
<<<<<<<<<<<<<<<<<<<<<<<<<<<<<<<
>>>>>>>>>>>>>>>>>>>>>>>>>>>>>>
[[ 82.4111537 ]
 [ 37.07883686]
 [  3.10916527]]
[[ 82.94506533]
 [ 37.31952329]
 [  3.1795003 ]]
<<<<<<<<<<<<<<<<<<<<<<<<<<<<<<<
>>>>>>>>>>>>>>>>>>>>>>>>>>>>>>
[[ 82.4111497]
 [ 37.0788349]
 [  3.1091774]]
[[ 82.9394226 ]
 [ 37.31657532]
 [  3.16241923]]
<<<<<<<<<<<<<<<<<<<<<<<<<<<<<<<
>>>>>>>>>>>>>>>>>>>>>>>>>>>>>>
[[ 82.41118475]
 [ 37.07883815]
 [  3.10907641]]
[[ 82.93384583]
 [ 37.31420484]
 [  3.16800053]]
<<<<<<<<<<<<<<<<<<<<<<<<<<<<<<<
>>>>>>>>>>>>>>>>>>>>>>>>>>>>>>
[[ 82.41117636]
 [ 37.07883434]
 [  3.10910175]]
[[ 82.92304394]
 [ 37.30919403]
 [  3.16079877]]
<<<<<<<<<<<<<<<<<<<<<<<<<<<<<<<
>>>>>>>>>>>>>>>>>>>>>>>>>>>>>>
[[ 82.41115428]
 [ 37.07883681]
 [  3.10916729]]
[[ 82.91774949]
 [ 37.30697072]
 [  3.16637814]]
<<<<<<<<<<<<<<<<<<<<<<<<<<<<<<<
>>>>>>>>>>>>>>>>>>>>>>>>>>>>>>
[[ 82.41113265]
 [ 37.07883924]
 [  3.10923149]]
[[ 82.91258995]
 [ 37.30465877]
 [  3.16584031]]
<<<<<<<<<<<<<<<<<<<<<<<<<<<<<<<
>>>>>>>>>>>>>>>>>>>>>>>>>>>>>>
[[ 82.41116226]
 [ 37.07884041]
 [  3.10914664]]
[[ 82.90265105]
 [ 37.30016646]
 [  3.16446842]]
<<<<<<<<<<<<<<<<<<<<<<<<<<<<<<<
>>>>>>>>>>>>>>>>>>>>>>>>>>>>>>
[[ 82.41116091]
 [ 37.07883846]
 [  3.10915798]]
[[ 82.89783753]
 [ 37.29786031]
 [  3.15829072]]
<<<<<<<<<<<<<<<<<<<<<<<<<<<<<<<
>>>>>>>>>>>>>>>>>>>>>>>>>>>>>>
[[ 82.41115958]
 [ 37.07883655]
 [  3.10916911]]
[[ 82.89299064]
 [ 37.29632935]
 [  3.18972043]]
<<<<<<<<<<<<<<<<<<<<<<<<<<<<<<<
>>>>>>>>>>>>>>>>>>>>>>>>>>>>>>
[[ 82.41115232]
 [ 37.07883307]
 [  3.10919072]]
[[ 82.88386912]
 [ 37.29236334]
 [  3.18120284]]
<<<<<<<<<<<<<<<<<<<<<<<<<<<<<<<
>>>>>>>>>>>>>>>>>>>>>>>>>>>>>>
[[ 82.41115192]
 [ 37.07883766]
 [  3.10920002]]
[[ 82.87939083]
 [ 37.29038809]
 [  3.18205652]]
<<<<<<<<<<<<<<<<<<<<<<<<<<<<<<<
>>>>>>>>>>>>>>>>>>>>>>>>>>>>>>
[[ 82.41113425]
 [ 37.07883979]
 [  3.10925906]]
[[ 82.87498398]
 [ 37.28759061]
 [  3.15618569]]
<<<<<<<<<<<<<<<<<<<<<<<<<<<<<<<
>>>>>>>>>>>>>>>>>>>>>>>>>>>>>>
[[ 82.41113095]
 [ 37.07883806]
 [  3.10926872]]
[[ 82.8706671 ]
 [ 37.28570316]
 [  3.15776563]]
<<<<<<<<<<<<<<<<<<<<<<<<<<<<<<<
>>>>>>>>>>>>>>>>>>>>>>>>>>>>>>
[[ 82.41112772]
 [ 37.07883637]
 [  3.1092782 ]]
[[ 82.86643465]
 [ 37.28412056]
 [  3.16576836]]
<<<<<<<<<<<<<<<<<<<<<<<<<<<<<<<
>>>>>>>>>>>>>>>>>>>>>>>>>>>>>>
[[ 82.41112455]
 [ 37.07883471]
 [  3.10928751]]
[[ 82.86227781]
 [ 37.28223761]
 [  3.16502093]]
<<<<<<<<<<<<<<<<<<<<<<<<<<<<<<<
>>>>>>>>>>>>>>>>>>>>>>>>>>>>>>
[[ 82.41112143]
 [ 37.07883308]
 [  3.10929665]]
[[ 82.85819545]
 [ 37.28003204]
 [  3.15446675]]
<<<<<<<<<<<<<<<<<<<<<<<<<<<<<<<
>>>>>>>>>>>>>>>>>>>>>>>>>>>>>>
[[ 82.411168  ]
 [ 37.07883787]
 [  3.10916197]]
[[ 82.85423352]
 [ 37.27828855]
 [  3.1559389 ]]
<<<<<<<<<<<<<<<<<<<<<<<<<<<<<<<
>>>>>>>>>>>>>>>>>>>>>>>>>>>>>>
[[ 82.41119725]
 [ 37.07884056]
 [  3.10907735]]
[[ 82.85032918]
 [ 37.27652392]
 [  3.15559298]]
<<<<<<<<<<<<<<<<<<<<<<<<<<<<<<<
>>>>>>>>>>>>>>>>>>>>>>>>>>>>>>
[[ 82.41119425]
 [ 37.07884486]
 [  3.10908699]]
[[ 82.84645928]
 [ 37.27478777]
 [  3.15518146]]
<<<<<<<<<<<<<<<<<<<<<<<<<<<<<<<
>>>>>>>>>>>>>>>>>>>>>>>>>>>>>>
[[ 82.41119063]
 [ 37.0788432 ]
 [  3.10909757]]
[[ 82.84265065]
 [ 37.2732951 ]
 [  3.16438777]]
<<<<<<<<<<<<<<<<<<<<<<<<<<<<<<<
>>>>>>>>>>>>>>>>>>>>>>>>>>>>>>
[[ 82.41117062]
 [ 37.07884348]
 [  3.10916271]]
[[ 82.83518614]
 [ 37.2699902 ]
 [  3.16517774]]
<<<<<<<<<<<<<<<<<<<<<<<<<<<<<<<
>>>>>>>>>>>>>>>>>>>>>>>>>>>>>>
[[ 82.41117949]
 [ 37.07884239]
 [  3.10913701]]
[[ 82.828097  ]
 [ 37.26647084]
 [  3.15132237]]
<<<<<<<<<<<<<<<<<<<<<<<<<<<<<<<
>>>>>>>>>>>>>>>>>>>>>>>>>>>>>>
[[ 82.41117949]
 [ 37.07884239]
 [  3.10913701]]
[[ 82.82809312]
 [ 37.26652517]
 [  3.15332214]]
<<<<<<<<<<<<<<<<<<<<<<<<<<<<<<<
>>>>>>>>>>>>>>>>>>>>>>>>>>>>>>
[[ 82.41116034]
 [ 37.07884267]
 [  3.10919933]]
[[ 82.8211599 ]
 [ 37.26341266]
 [  3.15264687]]
<<<<<<<<<<<<<<<<<<<<<<<<<<<<<<<
>>>>>>>>>>>>>>>>>>>>>>>>>>>>>>
[[ 82.41115721]
 [ 37.07884112]
 [  3.10920836]]
[[ 82.81778861]
 [ 37.26184478]
 [  3.15051668]]
<<<<<<<<<<<<<<<<<<<<<<<<<<<<<<<
>>>>>>>>>>>>>>>>>>>>>>>>>>>>>>
[[ 82.41115613]
 [ 37.07883951]
 [  3.10921725]]
[[ 82.81446862]
 [ 37.26039424]
 [  3.15180574]]
<<<<<<<<<<<<<<<<<<<<<<<<<<<<<<<
>>>>>>>>>>>>>>>>>>>>>>>>>>>>>>
[[ 82.41116554]
 [ 37.07884382]
 [  3.10919071]]
[[ 82.80798412]
 [ 37.2575482 ]
 [  3.15433738]]
<<<<<<<<<<<<<<<<<<<<<<<<<<<<<<<
>>>>>>>>>>>>>>>>>>>>>>>>>>>>>>
[[ 82.41116554]
 [ 37.07884382]
 [  3.10919071]]
[[ 82.80798228]
 [ 37.25754385]
 [  3.1541348 ]]
<<<<<<<<<<<<<<<<<<<<<<<<<<<<<<<
>>>>>>>>>>>>>>>>>>>>>>>>>>>>>>
[[ 82.41116247]
 [ 37.07884232]
 [  3.10919953]]
[[ 82.80484179]
 [ 37.25605947]
 [  3.15073773]]
<<<<<<<<<<<<<<<<<<<<<<<<<<<<<<<
>>>>>>>>>>>>>>>>>>>>>>>>>>>>>>
[[ 82.41118851]
 [ 37.07884468]
 [  3.10912402]]
[[ 82.80173535]
 [ 37.25472827]
 [  3.1536433 ]]
<<<<<<<<<<<<<<<<<<<<<<<<<<<<<<<
>>>>>>>>>>>>>>>>>>>>>>>>>>>>>>
[[ 82.41118531]
 [ 37.07884318]
 [  3.10913322]]
[[ 82.7986953 ]
 [ 37.2532829 ]
 [  3.15003721]]
<<<<<<<<<<<<<<<<<<<<<<<<<<<<<<<
>>>>>>>>>>>>>>>>>>>>>>>>>>>>>>
[[ 82.41118216]
 [ 37.07884172]
 [  3.10914228]]
[[ 82.79568   ]
 [ 37.25187971]
 [  3.14805987]]
<<<<<<<<<<<<<<<<<<<<<<<<<<<<<<<
>>>>>>>>>>>>>>>>>>>>>>>>>>>>>>
[[ 82.41117906]
 [ 37.07884027]
 [  3.10915119]]
[[ 82.79271016]
 [ 37.25054144]
 [  3.14771086]]
<<<<<<<<<<<<<<<<<<<<<<<<<<<<<<<
>>>>>>>>>>>>>>>>>>>>>>>>>>>>>>
[[ 82.41117788]
 [ 37.07883876]
 [  3.10915997]]
[[ 82.78978531]
 [ 37.24927144]
 [  3.14912989]]
<<<<<<<<<<<<<<<<<<<<<<<<<<<<<<<
>>>>>>>>>>>>>>>>>>>>>>>>>>>>>>
[[ 82.41119951]
 [ 37.07883974]
 [  3.10909694]]
[[ 82.78407731]
 [ 37.24676345]
 [  3.15157746]]
<<<<<<<<<<<<<<<<<<<<<<<<<<<<<<<
>>>>>>>>>>>>>>>>>>>>>>>>>>>>>>
[[ 82.41116902]
 [ 37.07884316]
 [  3.1091919 ]]
[[ 82.77849359]
 [ 37.24428111]
 [  3.15126721]]
<<<<<<<<<<<<<<<<<<<<<<<<<<<<<<<
>>>>>>>>>>>>>>>>>>>>>>>>>>>>>>
[[ 82.41118034]
 [ 37.07884858]
 [  3.10915976]]
[[ 82.77568598]
 [ 37.24382259]
 [  3.1967953 ]]
<<<<<<<<<<<<<<<<<<<<<<<<<<<<<<<
>>>>>>>>>>>>>>>>>>>>>>>>>>>>>>
[[ 82.41118783]
 [ 37.07884756]
 [  3.10913767]]
[[ 82.77053694]
 [ 37.24056614]
 [  3.14547185]]
<<<<<<<<<<<<<<<<<<<<<<<<<<<<<<<
>>>>>>>>>>>>>>>>>>>>>>>>>>>>>>
[[ 82.41118254]
 [ 37.0788496 ]
 [  3.10915338]]
[[ 82.76538121]
 [ 37.2382944 ]
 [  3.1465593 ]]
<<<<<<<<<<<<<<<<<<<<<<<<<<<<<<<
>>>>>>>>>>>>>>>>>>>>>>>>>>>>>>
[[ 82.41120272]
 [ 37.07885036]
 [  3.10909446]]
[[ 82.76035117]
 [ 37.23625463]
 [  3.15542367]]
<<<<<<<<<<<<<<<<<<<<<<<<<<<<<<<
>>>>>>>>>>>>>>>>>>>>>>>>>>>>>>
[[ 82.41121259]
 [ 37.07885073]
 [  3.10906563]]
[[ 82.75795996]
 [ 37.23493824]
 [  3.14558095]]
<<<<<<<<<<<<<<<<<<<<<<<<<<<<<<<
>>>>>>>>>>>>>>>>>>>>>>>>>>>>>>
[[ 82.41120958]
 [ 37.07884937]
 [  3.10907421]]
[[ 82.75554363]
 [ 37.23381328]
 [  3.14398753]]
<<<<<<<<<<<<<<<<<<<<<<<<<<<<<<<
>>>>>>>>>>>>>>>>>>>>>>>>>>>>>>
[[ 82.41120831]
 [ 37.07884794]
 [  3.10908267]]
[[ 82.75315955]
 [ 37.23277961]
 [  3.14521008]]
<<<<<<<<<<<<<<<<<<<<<<<<<<<<<<<
>>>>>>>>>>>>>>>>>>>>>>>>>>>>>>
[[ 82.41120537]
 [ 37.07884661]
 [  3.10909102]]
[[ 82.75078666]
 [ 37.2317864 ]
 [  3.14817933]]
<<<<<<<<<<<<<<<<<<<<<<<<<<<<<<<
>>>>>>>>>>>>>>>>>>>>>>>>>>>>>>
[[ 82.41120126]
 [ 37.07884393]
 [  3.10910737]]
[[ 82.74620689]
 [ 37.22819407]
 [  3.28631018]]
<<<<<<<<<<<<<<<<<<<<<<<<<<<<<<<
>>>>>>>>>>>>>>>>>>>>>>>>>>>>>>
[[ 82.41119843]
 [ 37.07884265]
 [  3.10911537]]
[[ 82.74425962]
 [ 37.21173319]
 [  3.35851377]]
<<<<<<<<<<<<<<<<<<<<<<<<<<<<<<<
>>>>>>>>>>>>>>>>>>>>>>>>>>>>>>
[[ 82.41119564]
 [ 37.0788414 ]
 [  3.10912328]]
[[ 82.74172085]
 [ 37.22867874]
 [  3.21526584]]
<<<<<<<<<<<<<<<<<<<<<<<<<<<<<<<
>>>>>>>>>>>>>>>>>>>>>>>>>>>>>>
[[ 82.41119015]
 [ 37.07883893]
 [  3.10913876]]
[[ 82.73732676]
 [ 37.22670219]
 [  3.24426508]]
<<<<<<<<<<<<<<<<<<<<<<<<<<<<<<<
>>>>>>>>>>>>>>>>>>>>>>>>>>>>>>
[[ 82.41118747]
 [ 37.07883772]
 [  3.10914636]]
[[ 82.73521238]
 [ 37.22520896]
 [  3.15877481]]
<<<<<<<<<<<<<<<<<<<<<<<<<<<<<<<
>>>>>>>>>>>>>>>>>>>>>>>>>>>>>>
[[ 82.41118532]
 [ 37.07884092]
 [  3.10915303]]
[[ 82.73308863]
 [ 37.22453193]
 [  3.16965478]]
<<<<<<<<<<<<<<<<<<<<<<<<<<<<<<<
>>>>>>>>>>>>>>>>>>>>>>>>>>>>>>
[[ 82.4111827 ]
 [ 37.07883971]
 [  3.10916043]]
[[ 82.73101988]
 [ 37.22159762]
 [  3.27616896]]
<<<<<<<<<<<<<<<<<<<<<<<<<<<<<<<
>>>>>>>>>>>>>>>>>>>>>>>>>>>>>>
[[ 82.41120374]
 [ 37.07884165]
 [  3.1090993 ]]
[[ 82.72898151]
 [ 37.22237908]
 [  3.15733901]]
<<<<<<<<<<<<<<<<<<<<<<<<<<<<<<<
>>>>>>>>>>>>>>>>>>>>>>>>>>>>>>
[[ 82.41122451]
 [ 37.07884356]
 [  3.10903895]]
[[ 82.72703712]
 [ 37.19038654]
 [  3.41907885]]
<<<<<<<<<<<<<<<<<<<<<<<<<<<<<<<
>>>>>>>>>>>>>>>>>>>>>>>>>>>>>>
[[ 82.41122451]
 [ 37.07884356]
 [  3.10903895]]
[[ 82.72697457]
 [ 37.22120604]
 [  3.14832   ]]
<<<<<<<<<<<<<<<<<<<<<<<<<<<<<<<
>>>>>>>>>>>>>>>>>>>>>>>>>>>>>>
[[ 82.4112333 ]
 [ 37.07884394]
 [  3.10901322]]
[[ 82.7249785 ]
 [ 37.22055564]
 [  3.1564879 ]]
<<<<<<<<<<<<<<<<<<<<<<<<<<<<<<<
>>>>>>>>>>>>>>>>>>>>>>>>>>>>>>
[[ 82.4112333 ]
 [ 37.07884394]
 [  3.10901322]]
[[ 82.72497929]
 [ 37.22054982]
 [  3.15631092]]
<<<<<<<<<<<<<<<<<<<<<<<<<<<<<<<
>>>>>>>>>>>>>>>>>>>>>>>>>>>>>>
[[ 82.41123045]
 [ 37.07884274]
 [  3.10902132]]
[[ 82.72300356]
 [ 37.18289078]
 [  3.42152391]]
<<<<<<<<<<<<<<<<<<<<<<<<<<<<<<<
>>>>>>>>>>>>>>>>>>>>>>>>>>>>>>
[[ 82.41122762]
 [ 37.07884156]
 [  3.10902932]]
[[ 82.72102944]
 [ 37.21905715]
 [  3.16732338]]
<<<<<<<<<<<<<<<<<<<<<<<<<<<<<<<
>>>>>>>>>>>>>>>>>>>>>>>>>>>>>>
[[ 82.41124773]
 [ 37.07884343]
 [  3.10897091]]
[[ 82.71928864]
 [ 37.14047143]
 [  3.36989206]]
<<<<<<<<<<<<<<<<<<<<<<<<<<<<<<<
>>>>>>>>>>>>>>>>>>>>>>>>>>>>>>
[[ 82.41123398]
 [ 37.07884486]
 [  3.10901121]]
[[ 82.7172126 ]
 [ 37.21703531]
 [  3.15479051]]
<<<<<<<<<<<<<<<<<<<<<<<<<<<<<<<
>>>>>>>>>>>>>>>>>>>>>>>>>>>>>>
[[ 82.41123119]
 [ 37.07884369]
 [  3.10901912]]
[[ 82.71533236]
 [ 37.21440768]
 [  3.27059513]]
<<<<<<<<<<<<<<<<<<<<<<<<<<<<<<<
>>>>>>>>>>>>>>>>>>>>>>>>>>>>>>
[[ 82.41124795]
 [ 37.07884442]
 [  3.10897011]]
[[ 82.71165396]
 [ 37.21307454]
 [  3.26367157]]
<<<<<<<<<<<<<<<<<<<<<<<<<<<<<<<
>>>>>>>>>>>>>>>>>>>>>>>>>>>>>>
[[ 82.41126732]
 [ 37.07884621]
 [  3.10891384]]
[[ 82.70985927]
 [ 37.21239694]
 [  3.26049022]]
<<<<<<<<<<<<<<<<<<<<<<<<<<<<<<<
>>>>>>>>>>>>>>>>>>>>>>>>>>>>>>
[[ 82.41125534]
 [ 37.07884752]
 [  3.10895326]]
[[ 82.70805506]
 [ 37.21146582]
 [  3.26186599]]
<<<<<<<<<<<<<<<<<<<<<<<<<<<<<<<
>>>>>>>>>>>>>>>>>>>>>>>>>>>>>>
[[ 82.41126342]
 [ 37.07884785]
 [  3.10892959]]
[[ 82.70629035]
 [ 37.21183515]
 [  3.14467831]]
<<<<<<<<<<<<<<<<<<<<<<<<<<<<<<<
>>>>>>>>>>>>>>>>>>>>>>>>>>>>>>
[[ 82.41126056]
 [ 37.0788467 ]
 [  3.10893771]]
[[ 82.70453944]
 [ 37.21004655]
 [  3.25747481]]
<<<<<<<<<<<<<<<<<<<<<<<<<<<<<<<
>>>>>>>>>>>>>>>>>>>>>>>>>>>>>>
[[ 82.41126709]
 [ 37.07884584]
 [  3.10892251]]
[[ 82.70110589]
 [ 37.20951024]
 [  3.14452228]]
<<<<<<<<<<<<<<<<<<<<<<<<<<<<<<<
>>>>>>>>>>>>>>>>>>>>>>>>>>>>>>
[[ 82.41127491]
 [ 37.07884618]
 [  3.10889958]]
[[ 82.69942429]
 [ 37.20876143]
 [  3.14466358]]
<<<<<<<<<<<<<<<<<<<<<<<<<<<<<<<
>>>>>>>>>>>>>>>>>>>>>>>>>>>>>>
[[ 82.41127975]
 [ 37.0788454 ]
 [  3.10888509]]
[[ 82.69625186]
 [ 37.13654229]
 [  3.35291225]]
<<<<<<<<<<<<<<<<<<<<<<<<<<<<<<<
>>>>>>>>>>>>>>>>>>>>>>>>>>>>>>
[[ 82.41126408]
 [ 37.07884563]
 [  3.1089307 ]]
[[ 82.69284881]
 [ 37.2060157 ]
 [  3.15098909]]
<<<<<<<<<<<<<<<<<<<<<<<<<<<<<<<
>>>>>>>>>>>>>>>>>>>>>>>>>>>>>>
[[ 82.41126893]
 [ 37.07884488]
 [  3.10891618]]
[[ 82.6896839 ]
 [ 37.20436341]
 [  3.14324704]]
<<<<<<<<<<<<<<<<<<<<<<<<<<<<<<<
>>>>>>>>>>>>>>>>>>>>>>>>>>>>>>
[[ 82.41126619]
 [ 37.07884381]
 [  3.10892392]]
[[ 82.68812779]
 [ 37.19803825]
 [  3.30130295]]
<<<<<<<<<<<<<<<<<<<<<<<<<<<<<<<
>>>>>>>>>>>>>>>>>>>>>>>>>>>>>>
[[ 82.41124132]
 [ 37.07884632]
 [  3.10899664]]
[[ 82.68501321]
 [ 37.20312078]
 [  3.18716901]]
<<<<<<<<<<<<<<<<<<<<<<<<<<<<<<<
>>>>>>>>>>>>>>>>>>>>>>>>>>>>>>
[[ 82.41124629]
 [ 37.07884558]
 [  3.1089818 ]]
[[ 82.6820363 ]
 [ 37.2011513 ]
 [  3.14981792]]
<<<<<<<<<<<<<<<<<<<<<<<<<<<<<<<
>>>>>>>>>>>>>>>>>>>>>>>>>>>>>>
[[ 82.41127105]
 [ 37.07884749]
 [  3.10890963]]
[[ 82.67912729]
 [ 37.19983855]
 [  3.1496837 ]]
<<<<<<<<<<<<<<<<<<<<<<<<<<<<<<<
>>>>>>>>>>>>>>>>>>>>>>>>>>>>>>
[[ 82.41126841]
 [ 37.07884645]
 [  3.10891711]]
[[ 82.67768152]
 [ 37.19917124]
 [  3.14894891]]
<<<<<<<<<<<<<<<<<<<<<<<<<<<<<<<
>>>>>>>>>>>>>>>>>>>>>>>>>>>>>>
[[ 82.41126579]
 [ 37.07884542]
 [  3.1089245 ]]
[[ 82.67625121]
 [ 37.19851994]
 [  3.14854582]]
<<<<<<<<<<<<<<<<<<<<<<<<<<<<<<<
>>>>>>>>>>>>>>>>>>>>>>>>>>>>>>
[[ 82.41128012]
 [ 37.07884598]
 [  3.10888263]]
[[ 82.67345746]
 [ 37.19774163]
 [  3.18913804]]
<<<<<<<<<<<<<<<<<<<<<<<<<<<<<<<
>>>>>>>>>>>>>>>>>>>>>>>>>>>>>>
[[ 82.41130375]
 [ 37.07884782]
 [  3.10881379]]
[[ 82.67072767]
 [ 37.1960052 ]
 [  3.14737898]]
<<<<<<<<<<<<<<<<<<<<<<<<<<<<<<<
>>>>>>>>>>>>>>>>>>>>>>>>>>>>>>
[[ 82.41129871]
 [ 37.07884932]
 [  3.10882854]]
[[ 82.66803203]
 [ 37.19377434]
 [  3.2381409 ]]
<<<<<<<<<<<<<<<<<<<<<<<<<<<<<<<
>>>>>>>>>>>>>>>>>>>>>>>>>>>>>>
[[ 82.41129603]
 [ 37.07884831]
 [  3.10883613]]
[[ 82.66670217]
 [ 37.19467534]
 [  3.1872012 ]]
<<<<<<<<<<<<<<<<<<<<<<<<<<<<<<<
>>>>>>>>>>>>>>>>>>>>>>>>>>>>>>
[[ 82.41129115]
 [ 37.07884977]
 [  3.10885042]]
[[ 82.66408398]
 [ 37.1930333 ]
 [  3.14721218]]
<<<<<<<<<<<<<<<<<<<<<<<<<<<<<<<
>>>>>>>>>>>>>>>>>>>>>>>>>>>>>>
[[ 82.41129523]
 [ 37.07884906]
 [  3.1088382 ]]
[[ 82.66153073]
 [ 37.19164667]
 [  3.13920152]]
<<<<<<<<<<<<<<<<<<<<<<<<<<<<<<<
>>>>>>>>>>>>>>>>>>>>>>>>>>>>>>
[[ 82.41131764]
 [ 37.07885079]
 [  3.10877292]]
[[ 82.6590475 ]
 [ 37.1896462 ]
 [  3.23556636]]
<<<<<<<<<<<<<<<<<<<<<<<<<<<<<<<
>>>>>>>>>>>>>>>>>>>>>>>>>>>>>>
[[ 82.41132176]
 [ 37.07885342]
 [  3.10876108]]
[[ 82.65659114]
 [ 37.18962982]
 [  3.14566222]]
<<<<<<<<<<<<<<<<<<<<<<<<<<<<<<<
>>>>>>>>>>>>>>>>>>>>>>>>>>>>>>
[[ 82.41132811]
 [ 37.07885366]
 [  3.10874246]]
[[ 82.65538775]
 [ 37.18887928]
 [  3.13871105]]
<<<<<<<<<<<<<<<<<<<<<<<<<<<<<<<
>>>>>>>>>>>>>>>>>>>>>>>>>>>>>>
[[ 82.41132276]
 [ 37.07885172]
 [  3.10875766]]
[[ 82.65299581]
 [ 37.18800402]
 [  3.1451253 ]]
<<<<<<<<<<<<<<<<<<<<<<<<<<<<<<<
>>>>>>>>>>>>>>>>>>>>>>>>>>>>>>
[[ 82.41132012]
 [ 37.07885076]
 [  3.10876515]]
[[ 82.65181855]
 [ 37.18727122]
 [  3.13830688]]
<<<<<<<<<<<<<<<<<<<<<<<<<<<<<<<
>>>>>>>>>>>>>>>>>>>>>>>>>>>>>>
[[ 82.41131751]
 [ 37.07884981]
 [  3.10877256]]
[[ 82.65065379]
 [ 37.18591244]
 [  3.23102569]]
<<<<<<<<<<<<<<<<<<<<<<<<<<<<<<<
>>>>>>>>>>>>>>>>>>>>>>>>>>>>>>
[[ 82.41131492]
 [ 37.07884887]
 [  3.10877991]]
[[ 82.64949561]
 [ 37.18641584]
 [  3.14433579]]
<<<<<<<<<<<<<<<<<<<<<<<<<<<<<<<
>>>>>>>>>>>>>>>>>>>>>>>>>>>>>>
[[ 82.41130982]
 [ 37.07884702]
 [  3.10879438]]
[[ 82.64722361]
 [ 37.13298106]
 [  3.3345651 ]]
<<<<<<<<<<<<<<<<<<<<<<<<<<<<<<<
>>>>>>>>>>>>>>>>>>>>>>>>>>>>>>
[[ 82.4113073 ]
 [ 37.0788461 ]
 [  3.10880152]]
[[ 82.64609504]
 [ 37.1848892 ]
 [  3.14415503]]
<<<<<<<<<<<<<<<<<<<<<<<<<<<<<<<
>>>>>>>>>>>>>>>>>>>>>>>>>>>>>>
[[ 82.41131346]
 [ 37.07884638]
 [  3.1087835 ]]
[[ 82.64499838]
 [ 37.1315117 ]
 [  3.3307474 ]]
<<<<<<<<<<<<<<<<<<<<<<<<<<<<<<<
>>>>>>>>>>>>>>>>>>>>>>>>>>>>>>
[[ 82.41130846]
 [ 37.07884458]
 [  3.10879767]]
[[ 82.64279866]
 [ 37.18339139]
 [  3.14340618]]
<<<<<<<<<<<<<<<<<<<<<<<<<<<<<<<
>>>>>>>>>>>>>>>>>>>>>>>>>>>>>>
[[ 82.41131452]
 [ 37.07884485]
 [  3.10877993]]
[[ 82.64172559]
 [ 37.18289449]
 [  3.14284987]]
<<<<<<<<<<<<<<<<<<<<<<<<<<<<<<<
>>>>>>>>>>>>>>>>>>>>>>>>>>>>>>
[[ 82.41131205]
 [ 37.07884397]
 [  3.10878696]]
[[ 82.64065482]
 [ 37.18242601]
 [  3.14325672]]
<<<<<<<<<<<<<<<<<<<<<<<<<<<<<<<
>>>>>>>>>>>>>>>>>>>>>>>>>>>>>>
[[ 82.41133509]
 [ 37.07884638]
 [  3.10872011]]
[[ 82.63961994]
 [ 37.181754  ]
 [  3.13656279]]
<<<<<<<<<<<<<<<<<<<<<<<<<<<<<<<
>>>>>>>>>>>>>>>>>>>>>>>>>>>>>>
[[ 82.41135518]
 [ 37.07884799]
 [  3.1086616 ]]
[[ 82.6375507 ]
 [ 37.1809989 ]
 [  3.14231355]]
<<<<<<<<<<<<<<<<<<<<<<<<<<<<<<<
>>>>>>>>>>>>>>>>>>>>>>>>>>>>>>
[[ 82.4113749 ]
 [ 37.07884957]
 [  3.10860415]]
[[ 82.63551974]
 [ 37.18007488]
 [  3.14197003]]
<<<<<<<<<<<<<<<<<<<<<<<<<<<<<<<
>>>>>>>>>>>>>>>>>>>>>>>>>>>>>>
[[ 82.41136279]
 [ 37.07884966]
 [  3.10864264]]
[[ 82.63349615]
 [ 37.17821289]
 [  3.22229408]]
<<<<<<<<<<<<<<<<<<<<<<<<<<<<<<<
>>>>>>>>>>>>>>>>>>>>>>>>>>>>>>
[[ 82.4113576 ]
 [ 37.07884792]
 [  3.10865737]]
[[ 82.6315112]
 [ 37.1780988]
 [  3.1357762]]
<<<<<<<<<<<<<<<<<<<<<<<<<<<<<<<
>>>>>>>>>>>>>>>>>>>>>>>>>>>>>>
[[ 82.41136058]
 [ 37.07884731]
 [  3.10864842]]
[[ 82.62956986]
 [ 37.1773986 ]
 [  3.1413346 ]]
<<<<<<<<<<<<<<<<<<<<<<<<<<<<<<<
>>>>>>>>>>>>>>>>>>>>>>>>>>>>>>
[[ 82.41136058]
 [ 37.07884731]
 [  3.10864842]]
[[ 82.62957037]
 [ 37.17739537]
 [  3.14124046]]
<<<<<<<<<<<<<<<<<<<<<<<<<<<<<<<
>>>>>>>>>>>>>>>>>>>>>>>>>>>>>>
[[ 82.41136346]
 [ 37.07884665]
 [  3.10863971]]
[[ 82.62766561]
 [ 37.17694606]
 [  3.1750569 ]]
<<<<<<<<<<<<<<<<<<<<<<<<<<<<<<<
>>>>>>>>>>>>>>>>>>>>>>>>>>>>>>
[[ 82.41136093]
 [ 37.07884581]
 [  3.10864693]]
[[ 82.62672204]
 [ 37.17499896]
 [  3.22195309]]
<<<<<<<<<<<<<<<<<<<<<<<<<<<<<<<
>>>>>>>>>>>>>>>>>>>>>>>>>>>>>>
[[ 82.41136634]
 [ 37.07884606]
 [  3.10863108]]
[[ 82.62579103]
 [ 37.17569132]
 [  3.14089634]]
<<<<<<<<<<<<<<<<<<<<<<<<<<<<<<<
>>>>>>>>>>>>>>>>>>>>>>>>>>>>>>
[[ 82.41135377]
 [ 37.07884622]
 [  3.10866767]]
[[ 82.62393616]
 [ 37.17525991]
 [  3.17381777]]
<<<<<<<<<<<<<<<<<<<<<<<<<<<<<<<
>>>>>>>>>>>>>>>>>>>>>>>>>>>>>>
[[ 82.41136703]
 [ 37.07884748]
 [  3.10862912]]
[[ 82.62303745]
 [ 37.17445748]
 [  3.14076452]]
<<<<<<<<<<<<<<<<<<<<<<<<<<<<<<<
>>>>>>>>>>>>>>>>>>>>>>>>>>>>>>
[[ 82.41136205]
 [ 37.07884585]
 [  3.10864327]]
[[ 82.62123712]
 [ 37.17345696]
 [  3.13432694]]
<<<<<<<<<<<<<<<<<<<<<<<<<<<<<<<
>>>>>>>>>>>>>>>>>>>>>>>>>>>>>>
[[ 82.41136485]
 [ 37.07884529]
 [  3.10863486]]
[[ 82.61947329]
 [ 37.17266271]
 [  3.13418518]]
<<<<<<<<<<<<<<<<<<<<<<<<<<<<<<<
>>>>>>>>>>>>>>>>>>>>>>>>>>>>>>
[[ 82.4113624 ]
 [ 37.07884449]
 [  3.10864183]]
[[ 82.61859841]
 [ 37.1722646 ]
 [  3.13395715]]
<<<<<<<<<<<<<<<<<<<<<<<<<<<<<<<
>>>>>>>>>>>>>>>>>>>>>>>>>>>>>>
[[ 82.41136516]
 [ 37.07884394]
 [  3.10863353]]
[[ 82.61687874]
 [ 37.17149012]
 [  3.13382229]]
<<<<<<<<<<<<<<<<<<<<<<<<<<<<<<<
>>>>>>>>>>>>>>>>>>>>>>>>>>>>>>
[[ 82.41136787]
 [ 37.07884341]
 [  3.10862537]]
[[ 82.61518623]
 [ 37.17089976]
 [  3.13934939]]
<<<<<<<<<<<<<<<<<<<<<<<<<<<<<<<
>>>>>>>>>>>>>>>>>>>>>>>>>>>>>>
[[ 82.41136546]
 [ 37.07884263]
 [  3.10863223]]
[[ 82.61434806]
 [ 37.17035188]
 [  3.13363464]]
<<<<<<<<<<<<<<<<<<<<<<<<<<<<<<<
>>>>>>>>>>>>>>>>>>>>>>>>>>>>>>
[[ 82.41135456]
 [ 37.07884277]
 [  3.10866688]]
[[ 82.61268486]
 [ 37.1701448 ]
 [  3.17162386]]
<<<<<<<<<<<<<<<<<<<<<<<<<<<<<<<
>>>>>>>>>>>>>>>>>>>>>>>>>>>>>>
[[ 82.41134513]
 [ 37.07884371]
 [  3.10869449]]
[[ 82.61185965]
 [ 37.16861593]
 [  3.21027059]]
<<<<<<<<<<<<<<<<<<<<<<<<<<<<<<<
>>>>>>>>>>>>>>>>>>>>>>>>>>>>>>
[[ 82.41134418]
 [ 37.07884562]
 [  3.10870045]]
[[ 82.6110466 ]
 [ 37.16904263]
 [  3.13879149]]
<<<<<<<<<<<<<<<<<<<<<<<<<<<<<<<
>>>>>>>>>>>>>>>>>>>>>>>>>>>>>>
[[ 82.41133264]
 [ 37.07884578]
 [  3.10873399]]
[[ 82.60946974]
 [ 37.16613869]
 [  3.23674112]]
<<<<<<<<<<<<<<<<<<<<<<<<<<<<<<<
>>>>>>>>>>>>>>>>>>>>>>>>>>>>>>
[[ 82.41133075]
 [ 37.0788477 ]
 [  3.10873972]]
[[ 82.6086439 ]
 [ 37.16834408]
 [  3.16758472]]
<<<<<<<<<<<<<<<<<<<<<<<<<<<<<<<
>>>>>>>>>>>>>>>>>>>>>>>>>>>>>>
[[ 82.41132076]
 [ 37.07885046]
 [  3.10877205]]
[[ 82.60707102]
 [ 37.16711304]
 [  3.13330895]]
<<<<<<<<<<<<<<<<<<<<<<<<<<<<<<<
>>>>>>>>>>>>>>>>>>>>>>>>>>>>>>
[[ 82.41130276]
 [ 37.07885223]
 [  3.1088247 ]]
[[ 82.60551537]
 [ 37.16640333]
 [  3.13261408]]
<<<<<<<<<<<<<<<<<<<<<<<<<<<<<<<
>>>>>>>>>>>>>>>>>>>>>>>>>>>>>>
[[ 82.41130072]
 [ 37.07885145]
 [  3.10883046]]
[[ 82.60475255]
 [ 37.16622994]
 [  3.13814498]]
<<<<<<<<<<<<<<<<<<<<<<<<<<<<<<<
>>>>>>>>>>>>>>>>>>>>>>>>>>>>>>
[[ 82.41129282]
 [ 37.07885228]
 [  3.10885635]]
[[ 82.60399122]
 [ 37.16588702]
 [  3.13796129]]
<<<<<<<<<<<<<<<<<<<<<<<<<<<<<<<
>>>>>>>>>>>>>>>>>>>>>>>>>>>>>>
[[ 82.41129083]
 [ 37.07885151]
 [  3.10886194]]
[[ 82.60324021]
 [ 37.16555616]
 [  3.13809404]]
<<<<<<<<<<<<<<<<<<<<<<<<<<<<<<<
>>>>>>>>>>>>>>>>>>>>>>>>>>>>>>
[[ 82.41128886]
 [ 37.07885075]
 [  3.10886748]]
[[ 82.60249705]
 [ 37.1650629 ]
 [  3.13275363]]
<<<<<<<<<<<<<<<<<<<<<<<<<<<<<<<
>>>>>>>>>>>>>>>>>>>>>>>>>>>>>>
[[ 82.41127824]
 [ 37.07885086]
 [  3.10889832]]
[[ 82.6010195 ]
 [ 37.16439021]
 [  3.13226753]]
<<<<<<<<<<<<<<<<<<<<<<<<<<<<<<<
>>>>>>>>>>>>>>>>>>>>>>>>>>>>>>
[[ 82.41128141]
 [ 37.07885032]
 [  3.10888876]]
[[ 82.59957598]
 [ 37.16390385]
 [  3.13755665]]
<<<<<<<<<<<<<<<<<<<<<<<<<<<<<<<
>>>>>>>>>>>>>>>>>>>>>>>>>>>>>>
[[ 82.41127951]
 [ 37.07884957]
 [  3.1088941 ]]
[[ 82.59886022]
 [ 37.16357756]
 [  3.13736888]]
<<<<<<<<<<<<<<<<<<<<<<<<<<<<<<<
>>>>>>>>>>>>>>>>>>>>>>>>>>>>>>
[[ 82.41130829]
 [ 37.07885196]
 [  3.10881022]]
[[ 82.5967667 ]
 [ 37.16304569]
 [  3.16168994]]
<<<<<<<<<<<<<<<<<<<<<<<<<<<<<<<
>>>>>>>>>>>>>>>>>>>>>>>>>>>>>>
[[ 82.41130631]
 [ 37.07885122]
 [  3.10881577]]
[[ 82.59608648]
 [ 37.14052195]
 [  3.29644421]]
<<<<<<<<<<<<<<<<<<<<<<<<<<<<<<<
>>>>>>>>>>>>>>>>>>>>>>>>>>>>>>
[[ 82.41130361]
 [ 37.0788522 ]
 [  3.10882628]]
[[ 82.59471111]
 [ 37.16203861]
 [  3.16471505]]
<<<<<<<<<<<<<<<<<<<<<<<<<<<<<<<
>>>>>>>>>>>>>>>>>>>>>>>>>>>>>>
[[ 82.4112952 ]
 [ 37.07885303]
 [  3.10885085]]
[[ 82.5940244 ]
 [ 37.16123239]
 [  3.13138888]]
<<<<<<<<<<<<<<<<<<<<<<<<<<<<<<<
>>>>>>>>>>>>>>>>>>>>>>>>>>>>>>
[[ 82.41129359]
 [ 37.07885478]
 [  3.1088557 ]]
[[ 82.59335129]
 [ 37.16035764]
 [  3.20152426]]
<<<<<<<<<<<<<<<<<<<<<<<<<<<<<<<
>>>>>>>>>>>>>>>>>>>>>>>>>>>>>>
[[ 82.41129171]
 [ 37.07885404]
 [  3.10886099]]
[[ 82.59268022]
 [ 37.1606355 ]
 [  3.13143312]]
<<<<<<<<<<<<<<<<<<<<<<<<<<<<<<<
>>>>>>>>>>>>>>>>>>>>>>>>>>>>>>
[[ 82.41129012]
 [ 37.07885577]
 [  3.10886577]]
[[ 82.59201491]
 [ 37.16047227]
 [  3.13577189]]
<<<<<<<<<<<<<<<<<<<<<<<<<<<<<<<
>>>>>>>>>>>>>>>>>>>>>>>>>>>>>>
[[ 82.41128189]
 [ 37.07885657]
 [  3.10888983]]
[[ 82.59134931]
 [ 37.16003468]
 [  3.13106198]]
<<<<<<<<<<<<<<<<<<<<<<<<<<<<<<<
>>>>>>>>>>>>>>>>>>>>>>>>>>>>>>
[[ 82.41127372]
 [ 37.07885737]
 [  3.10891372]]
[[ 82.59068815]
 [ 37.16023933]
 [  3.16224993]]
<<<<<<<<<<<<<<<<<<<<<<<<<<<<<<<
>>>>>>>>>>>>>>>>>>>>>>>>>>>>>>
[[ 82.4112852 ]
 [ 37.07885839]
 [  3.10888028]]
[[ 82.59005175]
 [ 37.15898757]
 [  3.19796149]]
<<<<<<<<<<<<<<<<<<<<<<<<<<<<<<<
>>>>>>>>>>>>>>>>>>>>>>>>>>>>>>
[[ 82.41127708]
 [ 37.07885917]
 [  3.10890403]]
[[ 82.58939891]
 [ 37.15964702]
 [  3.16383158]]
<<<<<<<<<<<<<<<<<<<<<<<<<<<<<<<
>>>>>>>>>>>>>>>>>>>>>>>>>>>>>>
[[ 82.41128186]
 [ 37.07885933]
 [  3.10888999]]
[[ 82.58876435]
 [ 37.15935976]
 [  3.16311869]]
<<<<<<<<<<<<<<<<<<<<<<<<<<<<<<<
>>>>>>>>>>>>>>>>>>>>>>>>>>>>>>
[[ 82.41128007]
 [ 37.0788586 ]
 [  3.10889502]]
[[ 82.58812619]
 [ 37.15872977]
 [  3.13542468]]
<<<<<<<<<<<<<<<<<<<<<<<<<<<<<<<
>>>>>>>>>>>>>>>>>>>>>>>>>>>>>>
[[ 82.41128328]
 [ 37.07886042]
 [  3.10888568]]
[[ 82.58686708]
 [ 37.15833164]
 [  3.14197143]]
<<<<<<<<<<<<<<<<<<<<<<<<<<<<<<<
>>>>>>>>>>>>>>>>>>>>>>>>>>>>>>
[[ 82.41127974]
 [ 37.07885897]
 [  3.10889563]]
[[ 82.58563198]
 [ 37.15759752]
 [  3.13485118]]
<<<<<<<<<<<<<<<<<<<<<<<<<<<<<<<
>>>>>>>>>>>>>>>>>>>>>>>>>>>>>>
[[ 82.41127011]
 [ 37.07885901]
 [  3.10892356]]
[[ 82.58446402]
 [ 37.12907514]
 [  3.28511682]]
<<<<<<<<<<<<<<<<<<<<<<<<<<<<<<<
>>>>>>>>>>>>>>>>>>>>>>>>>>>>>>
[[ 82.4112623 ]
 [ 37.07885977]
 [  3.10894641]]
[[ 82.58379132]
 [ 37.1561677 ]
 [  3.19547195]]
<<<<<<<<<<<<<<<<<<<<<<<<<<<<<<<
>>>>>>>>>>>>>>>>>>>>>>>>>>>>>>
[[ 82.41127338]
 [ 37.07886074]
 [  3.10891414]]
[[ 82.58320248]
 [ 37.15591975]
 [  3.19467212]]
<<<<<<<<<<<<<<<<<<<<<<<<<<<<<<<
>>>>>>>>>>>>>>>>>>>>>>>>>>>>>>
[[ 82.41127459]
 [ 37.07885947]
 [  3.10891015]]
[[ 82.58142895]
 [ 37.15484289]
 [  3.19871244]]
<<<<<<<<<<<<<<<<<<<<<<<<<<<<<<<
>>>>>>>>>>>>>>>>>>>>>>>>>>>>>>
[[ 82.41126523]
 [ 37.07885951]
 [  3.10893731]]
[[ 82.58025662]
 [ 37.15431214]
 [  3.19842143]]
<<<<<<<<<<<<<<<<<<<<<<<<<<<<<<<
>>>>>>>>>>>>>>>>>>>>>>>>>>>>>>
[[ 82.41126194]
 [ 37.07885812]
 [  3.10894653]]
[[ 82.57910505]
 [ 37.15498426]
 [  3.16115474]]
<<<<<<<<<<<<<<<<<<<<<<<<<<<<<<<
>>>>>>>>>>>>>>>>>>>>>>>>>>>>>>
[[ 82.41126194]
 [ 37.07885812]
 [  3.10894653]]
[[ 82.57910515]
 [ 37.15498576]
 [  3.16064429]]
<<<<<<<<<<<<<<<<<<<<<<<<<<<<<<<
>>>>>>>>>>>>>>>>>>>>>>>>>>>>>>
[[ 82.41126511]
 [ 37.07885986]
 [  3.10893732]]
[[ 82.57797603]
 [ 37.15401172]
 [  3.12931601]]
<<<<<<<<<<<<<<<<<<<<<<<<<<<<<<<
>>>>>>>>>>>>>>>>>>>>>>>>>>>>>>
[[ 82.41126963]
 [ 37.07886   ]
 [  3.10892407]]
[[ 82.57742155]
 [ 37.15329274]
 [  3.19255301]]
<<<<<<<<<<<<<<<<<<<<<<<<<<<<<<<
>>>>>>>>>>>>>>>>>>>>>>>>>>>>>>
[[ 82.41126799]
 [ 37.07885932]
 [  3.10892866]]
[[ 82.57686933]
 [ 37.15032917]
 [  3.22491784]]
<<<<<<<<<<<<<<<<<<<<<<<<<<<<<<<
>>>>>>>>>>>>>>>>>>>>>>>>>>>>>>
[[ 82.41127861]
 [ 37.07886025]
 [  3.10889774]]
[[ 82.57631921]
 [ 37.15340488]
 [  3.13384811]]
<<<<<<<<<<<<<<<<<<<<<<<<<<<<<<<
>>>>>>>>>>>>>>>>>>>>>>>>>>>>>>
[[ 82.41128303]
 [ 37.0788604 ]
 [  3.10888475]]
[[ 82.57577613]
 [ 37.15346845]
 [  3.15964513]]
<<<<<<<<<<<<<<<<<<<<<<<<<<<<<<<
>>>>>>>>>>>>>>>>>>>>>>>>>>>>>>
[[ 82.41129179]
 [ 37.07886068]
 [  3.10885903]]
[[ 82.57469842]
 [ 37.15195936]
 [  3.19300458]]
<<<<<<<<<<<<<<<<<<<<<<<<<<<<<<<
>>>>>>>>>>>>>>>>>>>>>>>>>>>>>>
[[ 82.41128269]
 [ 37.07886071]
 [  3.10888545]]
[[ 82.57361738]
 [ 37.13358604]
 [  3.27358803]]
<<<<<<<<<<<<<<<<<<<<<<<<<<<<<<<
>>>>>>>>>>>>>>>>>>>>>>>>>>>>>>
[[ 82.41129138]
 [ 37.07886095]
 [  3.10885998]]
[[ 82.57256615]
 [ 37.15101571]
 [  3.1917593 ]]
<<<<<<<<<<<<<<<<<<<<<<<<<<<<<<<
>>>>>>>>>>>>>>>>>>>>>>>>>>>>>>
[[ 82.41129429]
 [ 37.07886255]
 [  3.10885162]]
[[ 82.57152388]
 [ 37.15060783]
 [  3.1902777 ]]
<<<<<<<<<<<<<<<<<<<<<<<<<<<<<<<
>>>>>>>>>>>>>>>>>>>>>>>>>>>>>>
[[ 82.41129288]
 [ 37.07886405]
 [  3.10885588]]
[[ 82.57100564]
 [ 37.13169985]
 [  3.27183367]]
<<<<<<<<<<<<<<<<<<<<<<<<<<<<<<<
>>>>>>>>>>>>>>>>>>>>>>>>>>>>>>
[[ 82.41129123]
 [ 37.07886338]
 [  3.10886051]]
[[ 82.57048807]
 [ 37.15062172]
 [  3.12814004]]
<<<<<<<<<<<<<<<<<<<<<<<<<<<<<<<
>>>>>>>>>>>>>>>>>>>>>>>>>>>>>>
[[ 82.41129381]
 [ 37.07886284]
 [  3.10885273]]
[[ 82.5694725 ]
 [ 37.1506062 ]
 [  3.15773887]]
<<<<<<<<<<<<<<<<<<<<<<<<<<<<<<<
>>>>>>>>>>>>>>>>>>>>>>>>>>>>>>
[[ 82.41129079]
 [ 37.07886364]
 [  3.1088615 ]]
[[ 82.5684644 ]
 [ 37.14936795]
 [  3.18635947]]
<<<<<<<<<<<<<<<<<<<<<<<<<<<<<<<
>>>>>>>>>>>>>>>>>>>>>>>>>>>>>>
[[ 82.41128204]
 [ 37.07886365]
 [  3.10888691]]
[[ 82.56746298]
 [ 37.09878916]
 [  3.20663588]]
<<<<<<<<<<<<<<<<<<<<<<<<<<<<<<<
>>>>>>>>>>>>>>>>>>>>>>>>>>>>>>
[[ 82.41128622]
 [ 37.07886378]
 [  3.10887464]]
[[ 82.56697405]
 [ 37.14905207]
 [  3.12807715]]
<<<<<<<<<<<<<<<<<<<<<<<<<<<<<<<
>>>>>>>>>>>>>>>>>>>>>>>>>>>>>>
[[ 82.41127914]
 [ 37.07886444]
 [  3.10889535]]
[[ 82.56647882]
 [ 37.14926219]
 [  3.15597287]]
<<<<<<<<<<<<<<<<<<<<<<<<<<<<<<<
>>>>>>>>>>>>>>>>>>>>>>>>>>>>>>
[[ 82.41127861]
 [ 37.07886585]
 [  3.10889934]]
[[ 82.56599277]
 [ 37.14904379]
 [  3.15546643]]
<<<<<<<<<<<<<<<<<<<<<<<<<<<<<<<
>>>>>>>>>>>>>>>>>>>>>>>>>>>>>>
[[ 82.41127705]
 [ 37.07886519]
 [  3.10890369]]
[[ 82.56550916]
 [ 37.14798128]
 [  3.18621864]]
<<<<<<<<<<<<<<<<<<<<<<<<<<<<<<<
>>>>>>>>>>>>>>>>>>>>>>>>>>>>>>
[[ 82.41126441]
 [ 37.07886502]
 [  3.10894053]]
[[ 82.56508427]
 [ 37.12470588]
 [  3.26762184]]
<<<<<<<<<<<<<<<<<<<<<<<<<<<<<<<
>>>>>>>>>>>>>>>>>>>>>>>>>>>>>>
[[ 82.41126315]
 [ 37.07886645]
 [  3.10894434]]
[[ 82.56453921]
 [ 37.14739098]
 [  3.1887915 ]]
<<<<<<<<<<<<<<<<<<<<<<<<<<<<<<<
>>>>>>>>>>>>>>>>>>>>>>>>>>>>>>
[[ 82.41126166]
 [ 37.0788658 ]
 [  3.10894851]]
[[ 82.56406331]
 [ 37.14816519]
 [  3.15732192]]
<<<<<<<<<<<<<<<<<<<<<<<<<<<<<<<
>>>>>>>>>>>>>>>>>>>>>>>>>>>>>>
[[ 82.41126041]
 [ 37.07886722]
 [  3.10895227]]
[[ 82.56359206]
 [ 37.14698238]
 [  3.18809783]]
<<<<<<<<<<<<<<<<<<<<<<<<<<<<<<<
>>>>>>>>>>>>>>>>>>>>>>>>>>>>>>
[[ 82.41125432]
 [ 37.07886782]
 [  3.10897229]]
[[ 82.56311703]
 [ 37.14733083]
 [  3.12768397]]
<<<<<<<<<<<<<<<<<<<<<<<<<<<<<<<
>>>>>>>>>>>>>>>>>>>>>>>>>>>>>>
[[ 82.41125846]
 [ 37.07886793]
 [  3.10896011]]
[[ 82.56265721]
 [ 37.14656536]
 [  3.18755493]]
<<<<<<<<<<<<<<<<<<<<<<<<<<<<<<<
>>>>>>>>>>>>>>>>>>>>>>>>>>>>>>
[[ 82.41126258]
 [ 37.07886804]
 [  3.108948  ]]
[[ 82.56228154]
 [ 37.10929645]
 [  3.24046358]]
<<<<<<<<<<<<<<<<<<<<<<<<<<<<<<<
>>>>>>>>>>>>>>>>>>>>>>>>>>>>>>
[[ 82.41126667]
 [ 37.07886814]
 [  3.10893596]]
[[ 82.56174337]
 [ 37.14711857]
 [  3.1555567 ]]
<<<<<<<<<<<<<<<<<<<<<<<<<<<<<<<
>>>>>>>>>>>>>>>>>>>>>>>>>>>>>>
[[ 82.41126397]
 [ 37.07886888]
 [  3.1089438 ]]
[[ 82.56084611]
 [ 37.12257766]
 [  3.25787465]]
<<<<<<<<<<<<<<<<<<<<<<<<<<<<<<<
>>>>>>>>>>>>>>>>>>>>>>>>>>>>>>
[[ 82.41125797]
 [ 37.07886947]
 [  3.10896349]]
[[ 82.56040006]
 [ 37.13270399]
 [  3.25608106]]
<<<<<<<<<<<<<<<<<<<<<<<<<<<<<<<
>>>>>>>>>>>>>>>>>>>>>>>>>>>>>>
[[ 82.41125654]
 [ 37.07886882]
 [  3.10896749]]
[[ 82.55992406]
 [ 37.14540624]
 [  3.18510176]]
<<<<<<<<<<<<<<<<<<<<<<<<<<<<<<<
>>>>>>>>>>>>>>>>>>>>>>>>>>>>>>
[[ 82.41125511]
 [ 37.07886818]
 [  3.10897147]]
[[ 82.5594796 ]
 [ 37.11295402]
 [  3.25239036]]
<<<<<<<<<<<<<<<<<<<<<<<<<<<<<<<
>>>>>>>>>>>>>>>>>>>>>>>>>>>>>>
[[ 82.41125251]
 [ 37.0788689 ]
 [  3.10897898]]
[[ 82.55859013]
 [ 37.14528858]
 [  3.12703339]]
<<<<<<<<<<<<<<<<<<<<<<<<<<<<<<<
>>>>>>>>>>>>>>>>>>>>>>>>>>>>>>
[[ 82.41125067]
 [ 37.07886958]
 [  3.1089864 ]]
[[ 82.5577212 ]
 [ 37.14247393]
 [  3.20860839]]
<<<<<<<<<<<<<<<<<<<<<<<<<<<<<<<
>>>>>>>>>>>>>>>>>>>>>>>>>>>>>>
[[ 82.41124347]
 [ 37.07886952]
 [  3.10900935]]
[[ 82.55684487]
 [ 37.14464636]
 [  3.1314941 ]]
<<<<<<<<<<<<<<<<<<<<<<<<<<<<<<<
>>>>>>>>>>>>>>>>>>>>>>>>>>>>>>
[[ 82.41124211]
 [ 37.07886889]
 [  3.10901312]]
[[ 82.55642028]
 [ 37.11192221]
 [  3.24892398]]
<<<<<<<<<<<<<<<<<<<<<<<<<<<<<<<
>>>>>>>>>>>>>>>>>>>>>>>>>>>>>>
[[ 82.41123636]
 [ 37.07886946]
 [  3.10903202]]
[[ 82.55598694]
 [ 37.14369154]
 [  3.18251953]]
<<<<<<<<<<<<<<<<<<<<<<<<<<<<<<<
>>>>>>>>>>>>>>>>>>>>>>>>>>>>>>
[[ 82.41123503]
 [ 37.07886883]
 [  3.10903571]]
[[ 82.55556522]
 [ 37.11054774]
 [  3.24576902]]
<<<<<<<<<<<<<<<<<<<<<<<<<<<<<<<
>>>>>>>>>>>>>>>>>>>>>>>>>>>>>>
[[ 82.41122861]
 [ 37.07886943]
 [  3.10905444]]
[[ 82.55513668]
 [ 37.14311047]
 [  3.18552454]]
<<<<<<<<<<<<<<<<<<<<<<<<<<<<<<<
>>>>>>>>>>>>>>>>>>>>>>>>>>>>>>
[[ 82.41123131]
 [ 37.07886891]
 [  3.10904627]]
[[ 82.55430662]
 [ 37.14279364]
 [  3.18425968]]
<<<<<<<<<<<<<<<<<<<<<<<<<<<<<<<
>>>>>>>>>>>>>>>>>>>>>>>>>>>>>>
[[ 82.41121865]
 [ 37.0788701 ]
 [  3.10908323]]
[[ 82.55347078]
 [ 37.14243713]
 [  3.18378476]]
<<<<<<<<<<<<<<<<<<<<<<<<<<<<<<<
>>>>>>>>>>>>>>>>>>>>>>>>>>>>>>
[[ 82.41121865]
 [ 37.0788701 ]
 [  3.10908323]]
[[ 82.55346903]
 [ 37.14312576]
 [  3.13078265]]
<<<<<<<<<<<<<<<<<<<<<<<<<<<<<<<
>>>>>>>>>>>>>>>>>>>>>>>>>>>>>>
[[ 82.41122659]
 [ 37.07887029]
 [  3.10905984]]
[[ 82.55266485]
 [ 37.14218647]
 [  3.1813848 ]]
<<<<<<<<<<<<<<<<<<<<<<<<<<<<<<<
>>>>>>>>>>>>>>>>>>>>>>>>>>>>>>
[[ 82.41122554]
 [ 37.07887159]
 [  3.109063  ]]
[[ 82.55225877]
 [ 37.1425714 ]
 [  3.1303583 ]]
<<<<<<<<<<<<<<<<<<<<<<<<<<<<<<<
>>>>>>>>>>>>>>>>>>>>>>>>>>>>>>
[[ 82.41122428]
 [ 37.07887097]
 [  3.1090665 ]]
[[ 82.55184637]
 [ 37.14272316]
 [  3.14954657]]
<<<<<<<<<<<<<<<<<<<<<<<<<<<<<<<
>>>>>>>>>>>>>>>>>>>>>>>>>>>>>>
[[ 82.41121875]
 [ 37.07887152]
 [  3.10908466]]
[[ 82.55144308]
 [ 37.14253995]
 [  3.15032671]]
<<<<<<<<<<<<<<<<<<<<<<<<<<<<<<<
>>>>>>>>>>>>>>>>>>>>>>>>>>>>>>
[[ 82.41122789]
 [ 37.07887228]
 [  3.10905803]]
[[ 82.55106539]
 [ 37.14191568]
 [  3.12634497]]
<<<<<<<<<<<<<<<<<<<<<<<<<<<<<<<
>>>>>>>>>>>>>>>>>>>>>>>>>>>>>>
[[ 82.41123077]
 [ 37.0788736 ]
 [  3.10904966]]
[[ 82.55028267]
 [ 37.1409836 ]
 [  3.18254753]]
<<<<<<<<<<<<<<<<<<<<<<<<<<<<<<<
>>>>>>>>>>>>>>>>>>>>>>>>>>>>>>
[[ 82.41123463]
 [ 37.07887369]
 [  3.10903829]]
[[ 82.54989487]
 [ 37.14150798]
 [  3.13020237]]
<<<<<<<<<<<<<<<<<<<<<<<<<<<<<<<
>>>>>>>>>>>>>>>>>>>>>>>>>>>>>>
[[ 82.41122915]
 [ 37.07887422]
 [  3.10905627]]
[[ 82.54950128]
 [ 37.14133774]
 [  3.13030515]]
<<<<<<<<<<<<<<<<<<<<<<<<<<<<<<<
>>>>>>>>>>>>>>>>>>>>>>>>>>>>>>
[[ 82.41123299]
 [ 37.0788743 ]
 [  3.10904494]]
[[ 82.54912155]
 [ 37.1404502 ]
 [  3.18209705]]
<<<<<<<<<<<<<<<<<<<<<<<<<<<<<<<
>>>>>>>>>>>>>>>>>>>>>>>>>>>>>>
[[ 82.41124708]
 [ 37.07887567]
 [  3.109004  ]]
[[ 82.54875216]
 [ 37.14042987]
 [  3.179374  ]]
<<<<<<<<<<<<<<<<<<<<<<<<<<<<<<<
>>>>>>>>>>>>>>>>>>>>>>>>>>>>>>
[[ 82.41124579]
 [ 37.07887505]
 [  3.10900758]]
[[ 82.5483685 ]
 [ 37.14068809]
 [  3.12575485]]
<<<<<<<<<<<<<<<<<<<<<<<<<<<<<<<
>>>>>>>>>>>>>>>>>>>>>>>>>>>>>>
[[ 82.41124274]
 [ 37.07887574]
 [  3.10901433]]
[[ 82.54760909]
 [ 37.14035138]
 [  3.12577703]]
<<<<<<<<<<<<<<<<<<<<<<<<<<<<<<<
>>>>>>>>>>>>>>>>>>>>>>>>>>>>>>
[[ 82.41125536]
 [ 37.07887436]
 [  3.10898909]]
[[ 82.54724713]
 [ 37.14055956]
 [  3.15070768]]
<<<<<<<<<<<<<<<<<<<<<<<<<<<<<<<
>>>>>>>>>>>>>>>>>>>>>>>>>>>>>>
[[ 82.41125709]
 [ 37.0788732 ]
 [  3.10898537]]
[[ 82.54613465]
 [ 37.13980984]
 [  3.12995465]]
<<<<<<<<<<<<<<<<<<<<<<<<<<<<<<<
>>>>>>>>>>>>>>>>>>>>>>>>>>>>>>
[[ 82.41126145]
 [ 37.07887324]
 [  3.10897452]]
[[ 82.54577223]
 [ 37.13962524]
 [  3.12920178]]
<<<<<<<<<<<<<<<<<<<<<<<<<<<<<<<
>>>>>>>>>>>>>>>>>>>>>>>>>>>>>>
[[ 82.41127239]
 [ 37.07887412]
 [  3.10893857]]
[[ 82.54505525]
 [ 37.13930766]
 [  3.12942703]]
<<<<<<<<<<<<<<<<<<<<<<<<<<<<<<<
>>>>>>>>>>>>>>>>>>>>>>>>>>>>>>
[[ 82.41128026]
 [ 37.07887423]
 [  3.10891734]]
[[ 82.54434613]
 [ 37.12259659]
 [  3.24536327]]
<<<<<<<<<<<<<<<<<<<<<<<<<<<<<<<
>>>>>>>>>>>>>>>>>>>>>>>>>>>>>>
[[ 82.41127892]
 [ 37.07887364]
 [  3.10892103]]
[[ 82.54398501]
 [ 37.13880947]
 [  3.1288569 ]]
<<<<<<<<<<<<<<<<<<<<<<<<<<<<<<<
>>>>>>>>>>>>>>>>>>>>>>>>>>>>>>
[[ 82.41128272]
 [ 37.07887552]
 [  3.10891013]]
[[ 82.54363502]
 [ 37.13822117]
 [  3.17486169]]
<<<<<<<<<<<<<<<<<<<<<<<<<<<<<<<
>>>>>>>>>>>>>>>>>>>>>>>>>>>>>>
[[ 82.41128226]
 [ 37.0788767 ]
 [  3.10891349]]
[[ 82.54328079]
 [ 37.13875137]
 [  3.14911006]]
<<<<<<<<<<<<<<<<<<<<<<<<<<<<<<<
>>>>>>>>>>>>>>>>>>>>>>>>>>>>>>
[[ 82.41129004]
 [ 37.07887744]
 [  3.10888888]]
[[ 82.54300764]
 [ 37.11565286]
 [  3.24426737]]
<<<<<<<<<<<<<<<<<<<<<<<<<<<<<<<
>>>>>>>>>>>>>>>>>>>>>>>>>>>>>>
[[ 82.41129436]
 [ 37.0788786 ]
 [  3.10888196]]
[[ 82.54227226]
 [ 37.13639586]
 [  3.19686739]]
<<<<<<<<<<<<<<<<<<<<<<<<<<<<<<<
>>>>>>>>>>>>>>>>>>>>>>>>>>>>>>
[[ 82.41129426]
 [ 37.07888177]
 [  3.10887477]]
[[ 82.54155285]
 [ 37.13772093]
 [  3.12873797]]
<<<<<<<<<<<<<<<<<<<<<<<<<<<<<<<
>>>>>>>>>>>>>>>>>>>>>>>>>>>>>>
[[ 82.41130254]
 [ 37.07888245]
 [  3.10885059]]
[[ 82.54121987]
 [ 37.13744981]
 [  3.12479708]]
<<<<<<<<<<<<<<<<<<<<<<<<<<<<<<<
>>>>>>>>>>>>>>>>>>>>>>>>>>>>>>
[[ 82.41130204]
 [ 37.07888358]
 [  3.10885404]]
[[ 82.54087975]
 [ 37.13685217]
 [  3.17581446]]
<<<<<<<<<<<<<<<<<<<<<<<<<<<<<<<
>>>>>>>>>>>>>>>>>>>>>>>>>>>>>>
[[ 82.41130068]
 [ 37.07888299]
 [  3.10885781]]
[[ 82.54053613]
 [ 37.13752005]
 [  3.14609216]]
<<<<<<<<<<<<<<<<<<<<<<<<<<<<<<<
>>>>>>>>>>>>>>>>>>>>>>>>>>>>>>
[[ 82.41129932]
 [ 37.07888239]
 [  3.10886156]]
[[ 82.54019998]
 [ 37.13710342]
 [  3.12836591]]
<<<<<<<<<<<<<<<<<<<<<<<<<<<<<<<
>>>>>>>>>>>>>>>>>>>>>>>>>>>>>>
[[ 82.41131154]
 [ 37.07888307]
 [  3.10882769]]
[[ 82.53954411]
 [ 37.13669078]
 [  3.12455875]]
<<<<<<<<<<<<<<<<<<<<<<<<<<<<<<<
>>>>>>>>>>>>>>>>>>>>>>>>>>>>>>
[[ 82.41131965]
 [ 37.07888374]
 [  3.108804  ]]
[[ 82.53922148]
 [ 37.13617076]
 [  3.17368932]]
<<<<<<<<<<<<<<<<<<<<<<<<<<<<<<<
>>>>>>>>>>>>>>>>>>>>>>>>>>>>>>
[[ 82.41131954]
 [ 37.07888309]
 [  3.10880785]]
[[ 82.53888941]
 [ 37.136608  ]
 [  3.13253471]]
<<<<<<<<<<<<<<<<<<<<<<<<<<<<<<<
>>>>>>>>>>>>>>>>>>>>>>>>>>>>>>
[[ 82.41132054]
 [ 37.07888501]
 [  3.10879766]]
[[ 82.53856419]
 [ 37.13573433]
 [  3.17585323]]
<<<<<<<<<<<<<<<<<<<<<<<<<<<<<<<
>>>>>>>>>>>>>>>>>>>>>>>>>>>>>>
[[ 82.41131762]
 [ 37.07888798]
 [  3.10880086]]
[[ 82.53825704]
 [ 37.13472931]
 [  3.19240492]]
<<<<<<<<<<<<<<<<<<<<<<<<<<<<<<<
>>>>>>>>>>>>>>>>>>>>>>>>>>>>>>
[[ 82.4113158 ]
 [ 37.07888914]
 [  3.10880436]]
[[ 82.53790737]
 [ 37.13631513]
 [  3.14623157]]
<<<<<<<<<<<<<<<<<<<<<<<<<<<<<<<
>>>>>>>>>>>>>>>>>>>>>>>>>>>>>>
[[ 82.41131506]
 [ 37.07888852]
 [  3.10880817]]
[[ 82.53758208]
 [ 37.13592909]
 [  3.12822445]]
<<<<<<<<<<<<<<<<<<<<<<<<<<<<<<<
>>>>>>>>>>>>>>>>>>>>>>>>>>>>>>
[[ 82.4113137 ]
 [ 37.07888792]
 [  3.10881195]]
[[ 82.53725918]
 [ 37.13577151]
 [  3.12775696]]
<<<<<<<<<<<<<<<<<<<<<<<<<<<<<<<
>>>>>>>>>>>>>>>>>>>>>>>>>>>>>>
[[ 82.41132959]
 [ 37.0788892 ]
 [  3.10876562]]
[[ 82.5366376 ]
 [ 37.13538251]
 [  3.12426467]]
<<<<<<<<<<<<<<<<<<<<<<<<<<<<<<<
>>>>>>>>>>>>>>>>>>>>>>>>>>>>>>
[[ 82.41134936]
 [ 37.07889108]
 [  3.10870628]]
[[ 82.5360255 ]
 [ 37.13509896]
 [  3.12411044]]
<<<<<<<<<<<<<<<<<<<<<<<<<<<<<<<
>>>>>>>>>>>>>>>>>>>>>>>>>>>>>>
[[ 82.41134749]
 [ 37.07889222]
 [  3.10870996]]
[[ 82.53571005]
 [ 37.13495798]
 [  3.12405257]]
<<<<<<<<<<<<<<<<<<<<<<<<<<<<<<<
>>>>>>>>>>>>>>>>>>>>>>>>>>>>>>
[[ 82.41134626]
 [ 37.07889331]
 [  3.10871362]]
[[ 82.53539589]
 [ 37.13493312]
 [  3.1278237 ]]
<<<<<<<<<<<<<<<<<<<<<<<<<<<<<<<
>>>>>>>>>>>>>>>>>>>>>>>>>>>>>>
[[ 82.411359  ]
 [ 37.07889277]
 [  3.10867809]]
[[ 82.53509821]
 [ 37.1347922 ]
 [  3.12773528]]
<<<<<<<<<<<<<<<<<<<<<<<<<<<<<<<
>>>>>>>>>>>>>>>>>>>>>>>>>>>>>>
[[ 82.41136274]
 [ 37.07889276]
 [  3.10866889]]
[[ 82.53478853]
 [ 37.13476727]
 [  3.13238873]]
<<<<<<<<<<<<<<<<<<<<<<<<<<<<<<<
>>>>>>>>>>>>>>>>>>>>>>>>>>>>>>
[[ 82.41135858]
 [ 37.07889247]
 [  3.10868982]]
[[ 82.53417607]
 [ 37.1343686 ]
 [  3.12737269]]
<<<<<<<<<<<<<<<<<<<<<<<<<<<<<<<
>>>>>>>>>>>>>>>>>>>>>>>>>>>>>>
[[ 82.41136563]
 [ 37.07889312]
 [  3.10866748]]
[[ 82.53388017]
 [ 37.13384514]
 [  3.1694486 ]]
<<<<<<<<<<<<<<<<<<<<<<<<<<<<<<<
>>>>>>>>>>>>>>>>>>>>>>>>>>>>>>
[[ 82.41137689]
 [ 37.07889371]
 [  3.10863624]]
[[ 82.5332864 ]
 [ 37.13375712]
 [  3.12103038]]
<<<<<<<<<<<<<<<<<<<<<<<<<<<<<<<
>>>>>>>>>>>>>>>>>>>>>>>>>>>>>>
[[ 82.41138505]
 [ 37.07889428]
 [  3.1086142 ]]
[[ 82.53299575]
 [ 37.13333338]
 [  3.17097029]]
<<<<<<<<<<<<<<<<<<<<<<<<<<<<<<<
>>>>>>>>>>>>>>>>>>>>>>>>>>>>>>
[[ 82.41138805]
 [ 37.0788943 ]
 [  3.10860532]]
[[ 82.53269901]
 [ 37.1336864 ]
 [  3.12693208]]
<<<<<<<<<<<<<<<<<<<<<<<<<<<<<<<
>>>>>>>>>>>>>>>>>>>>>>>>>>>>>>
[[ 82.41140006]
 [ 37.07889546]
 [  3.10857037]]
[[ 82.53241417]
 [ 37.13355064]
 [  3.12675109]]
<<<<<<<<<<<<<<<<<<<<<<<<<<<<<<<
>>>>>>>>>>>>>>>>>>>>>>>>>>>>>>
[[ 82.41141491]
 [ 37.07889665]
 [  3.10852703]]
[[ 82.53176598]
 [ 37.13340102]
 [  3.1365897 ]]
<<<<<<<<<<<<<<<<<<<<<<<<<<<<<<<
>>>>>>>>>>>>>>>>>>>>>>>>>>>>>>
[[ 82.41142962]
 [ 37.07889783]
 [  3.1084841 ]]
[[ 82.53127006]
 [ 37.1328447 ]
 [  3.12119271]]
<<<<<<<<<<<<<<<<<<<<<<<<<<<<<<<
>>>>>>>>>>>>>>>>>>>>>>>>>>>>>>
[[ 82.4114442 ]
 [ 37.07889897]
 [  3.10844154]]
[[ 82.53070764]
 [ 37.13266226]
 [  3.12304586]]
<<<<<<<<<<<<<<<<<<<<<<<<<<<<<<<
>>>>>>>>>>>>>>>>>>>>>>>>>>>>>>
[[ 82.41145143]
 [ 37.07889955]
 [  3.10842044]]
[[ 82.53042859]
 [ 37.13225706]
 [  3.16755614]]
<<<<<<<<<<<<<<<<<<<<<<<<<<<<<<<
>>>>>>>>>>>>>>>>>>>>>>>>>>>>>>
[[ 82.41145259]
 [ 37.07889897]
 [  3.10841673]]
[[ 82.52985996]
 [ 37.1319734 ]
 [  3.16780369]]
<<<<<<<<<<<<<<<<<<<<<<<<<<<<<<<
>>>>>>>>>>>>>>>>>>>>>>>>>>>>>>
[[ 82.41145974]
 [ 37.07889955]
 [  3.10839584]]
[[ 82.52958285]
 [ 37.13207242]
 [  3.12089549]]
<<<<<<<<<<<<<<<<<<<<<<<<<<<<<<<
>>>>>>>>>>>>>>>>>>>>>>>>>>>>>>
[[ 82.41147395]
 [ 37.07890069]
 [  3.10835436]]
[[ 82.5290361 ]
 [ 37.13189807]
 [  3.12278201]]
<<<<<<<<<<<<<<<<<<<<<<<<<<<<<<<
>>>>>>>>>>>>>>>>>>>>>>>>>>>>>>
[[ 82.41147664]
 [ 37.0789007 ]
 [  3.10834639]]
[[ 82.52875914]
 [ 37.13186844]
 [  3.12587835]]
<<<<<<<<<<<<<<<<<<<<<<<<<<<<<<<
>>>>>>>>>>>>>>>>>>>>>>>>>>>>>>
[[ 82.41148632]
 [ 37.07890127]
 [  3.108318  ]]
[[ 82.52821591]
 [ 37.13151977]
 [  3.12253622]]
<<<<<<<<<<<<<<<<<<<<<<<<<<<<<<<
>>>>>>>>>>>>>>>>>>>>>>>>>>>>>>
[[ 82.41148896]
 [ 37.07890127]
 [  3.10831018]]
[[ 82.52794431]
 [ 37.13110277]
 [  3.16669193]]
<<<<<<<<<<<<<<<<<<<<<<<<<<<<<<<
>>>>>>>>>>>>>>>>>>>>>>>>>>>>>>
[[ 82.41149592]
 [ 37.07890183]
 [  3.10828988]]
[[ 82.5276776 ]
 [ 37.13107517]
 [  3.16471861]]
<<<<<<<<<<<<<<<<<<<<<<<<<<<<<<<
>>>>>>>>>>>>>>>>>>>>>>>>>>>>>>
[[ 82.41150542]
 [ 37.07890239]
 [  3.10826202]]
[[ 82.52714329]
 [ 37.13136042]
 [  3.14259805]]
<<<<<<<<<<<<<<<<<<<<<<<<<<<<<<<
>>>>>>>>>>>>>>>>>>>>>>>>>>>>>>
[[ 82.41151483]
 [ 37.07890295]
 [  3.10823443]]
[[ 82.52661341]
 [ 37.13071499]
 [  3.12043862]]
<<<<<<<<<<<<<<<<<<<<<<<<<<<<<<<
>>>>>>>>>>>>>>>>>>>>>>>>>>>>>>
[[ 82.41151313]
 [ 37.07890237]
 [  3.10823921]]
[[ 82.52634502]
 [ 37.13066579]
 [  3.12223369]]
<<<<<<<<<<<<<<<<<<<<<<<<<<<<<<<
>>>>>>>>>>>>>>>>>>>>>>>>>>>>>>
[[ 82.41151818]
 [ 37.07890238]
 [  3.10822422]]
[[ 82.52581849]
 [ 37.13052841]
 [  3.12549347]]
<<<<<<<<<<<<<<<<<<<<<<<<<<<<<<<
>>>>>>>>>>>>>>>>>>>>>>>>>>>>>>
[[ 82.41152743]
 [ 37.07890293]
 [  3.10819711]]
[[ 82.52530285]
 [ 37.13051595]
 [  3.1417553 ]]
<<<<<<<<<<<<<<<<<<<<<<<<<<<<<<<
>>>>>>>>>>>>>>>>>>>>>>>>>>>>>>
[[ 82.41152837]
 [ 37.0789039 ]
 [  3.1081943 ]]
[[ 82.52478232]
 [ 37.12995716]
 [  3.1220349 ]]
<<<<<<<<<<<<<<<<<<<<<<<<<<<<<<<
>>>>>>>>>>>>>>>>>>>>>>>>>>>>>>
[[ 82.4115356 ]
 [ 37.0789044 ]
 [  3.10817483]]
[[ 82.52453019]
 [ 37.12994255]
 [  3.1253299 ]]
<<<<<<<<<<<<<<<<<<<<<<<<<<<<<<<
>>>>>>>>>>>>>>>>>>>>>>>>>>>>>>
[[ 82.41154707]
 [ 37.07890493]
 [  3.1081411 ]]
[[ 82.52377234]
 [ 37.12958875]
 [  3.12493483]]
<<<<<<<<<<<<<<<<<<<<<<<<<<<<<<<
>>>>>>>>>>>>>>>>>>>>>>>>>>>>>>
[[ 82.41155364]
 [ 37.07890546]
 [  3.10812193]]
[[ 82.52352452]
 [ 37.1294776 ]
 [  3.12497707]]
<<<<<<<<<<<<<<<<<<<<<<<<<<<<<<<
>>>>>>>>>>>>>>>>>>>>>>>>>>>>>>
[[ 82.41155427]
 [ 37.07890489]
 [  3.10811978]]
[[ 82.52302177]
 [ 37.12889276]
 [  3.16366909]]
<<<<<<<<<<<<<<<<<<<<<<<<<<<<<<<
>>>>>>>>>>>>>>>>>>>>>>>>>>>>>>
[[ 82.41156078]
 [ 37.07890542]
 [  3.10810078]]
[[ 82.52277638]
 [ 37.12913673]
 [  3.12486827]]
<<<<<<<<<<<<<<<<<<<<<<<<<<<<<<<
>>>>>>>>>>>>>>>>>>>>>>>>>>>>>>
[[ 82.41156726]
 [ 37.07890595]
 [  3.10808187]]
[[ 82.52253379]
 [ 37.12893443]
 [  3.12183693]]
<<<<<<<<<<<<<<<<<<<<<<<<<<<<<<<
>>>>>>>>>>>>>>>>>>>>>>>>>>>>>>
[[ 82.41157371]
 [ 37.07890647]
 [  3.10806304]]
[[ 82.52229129]
 [ 37.12890922]
 [  3.12462624]]
<<<<<<<<<<<<<<<<<<<<<<<<<<<<<<<
>>>>>>>>>>>>>>>>>>>>>>>>>>>>>>
[[ 82.41158013]
 [ 37.078907  ]
 [  3.1080443 ]]
[[ 82.52205012]
 [ 37.12879678]
 [  3.12451553]]
<<<<<<<<<<<<<<<<<<<<<<<<<<<<<<<
>>>>>>>>>>>>>>>>>>>>>>>>>>>>>>
[[ 82.41158652]
 [ 37.07890752]
 [  3.10802564]]
[[ 82.52181102]
 [ 37.12859524]
 [  3.1215001 ]]
<<<<<<<<<<<<<<<<<<<<<<<<<<<<<<<
>>>>>>>>>>>>>>>>>>>>>>>>>>>>>>
[[ 82.41158774]
 [ 37.07890838]
 [  3.10802362]]
[[ 82.52132248]
 [ 37.12847114]
 [  3.12457896]]
<<<<<<<<<<<<<<<<<<<<<<<<<<<<<<<
>>>>>>>>>>>>>>>>>>>>>>>>>>>>>>
[[ 82.41159408]
 [ 37.07890889]
 [  3.10800513]]
[[ 82.52108636]
 [ 37.12826512]
 [  3.12134734]]
<<<<<<<<<<<<<<<<<<<<<<<<<<<<<<<
>>>>>>>>>>>>>>>>>>>>>>>>>>>>>>
[[ 82.41160038]
 [ 37.0789094 ]
 [  3.10798673]]
[[ 82.52085073]
 [ 37.12816135]
 [  3.12144403]]
<<<<<<<<<<<<<<<<<<<<<<<<<<<<<<<
>>>>>>>>>>>>>>>>>>>>>>>>>>>>>>
[[ 82.41159874]
 [ 37.07891032]
 [  3.10799154]]
[[ 82.52060751]
 [ 37.12814051]
 [  3.12425644]]
<<<<<<<<<<<<<<<<<<<<<<<<<<<<<<<
>>>>>>>>>>>>>>>>>>>>>>>>>>>>>>
[[ 82.41160096]
 [ 37.07891031]
 [  3.10798495]]
[[ 82.5203699 ]
 [ 37.12803874]
 [  3.12444707]]
<<<<<<<<<<<<<<<<<<<<<<<<<<<<<<<
>>>>>>>>>>>>>>>>>>>>>>>>>>>>>>
[[ 82.41160721]
 [ 37.07891081]
 [  3.10796671]]
[[ 82.5201377 ]
 [ 37.12792588]
 [  3.12420554]]
<<<<<<<<<<<<<<<<<<<<<<<<<<<<<<<
>>>>>>>>>>>>>>>>>>>>>>>>>>>>>>
[[ 82.4116094 ]
 [ 37.07891079]
 [  3.1079602 ]]
[[ 82.51990204]
 [ 37.12780616]
 [  3.12372045]]
<<<<<<<<<<<<<<<<<<<<<<<<<<<<<<<
>>>>>>>>>>>>>>>>>>>>>>>>>>>>>>
[[ 82.41161158]
 [ 37.07891078]
 [  3.10795373]]
[[ 82.51966776]
 [ 37.12770571]
 [  3.12391227]]
<<<<<<<<<<<<<<<<<<<<<<<<<<<<<<<
>>>>>>>>>>>>>>>>>>>>>>>>>>>>>>
[[ 82.41161375]
 [ 37.07891076]
 [  3.10794728]]
[[ 82.51943479]
 [ 37.12751315]
 [  3.12107163]]
<<<<<<<<<<<<<<<<<<<<<<<<<<<<<<<
>>>>>>>>>>>>>>>>>>>>>>>>>>>>>>
[[ 82.41161591]
 [ 37.07891074]
 [  3.10794086]]
[[ 82.51920236]
 [ 37.12740642]
 [  3.1210075 ]]
<<<<<<<<<<<<<<<<<<<<<<<<<<<<<<<
>>>>>>>>>>>>>>>>>>>>>>>>>>>>>>
[[ 82.41162607]
 [ 37.07891173]
 [  3.1079113 ]]
[[ 82.51897844]
 [ 37.12739413]
 [  3.12395286]]
<<<<<<<<<<<<<<<<<<<<<<<<<<<<<<<
>>>>>>>>>>>>>>>>>>>>>>>>>>>>>>
[[ 82.41162424]
 [ 37.07891118]
 [  3.10791647]]
[[ 82.51874407]
 [ 37.12728366]
 [  3.12375047]]
<<<<<<<<<<<<<<<<<<<<<<<<<<<<<<<
>>>>>>>>>>>>>>>>>>>>>>>>>>>>>>
[[ 82.41162636]
 [ 37.07891116]
 [  3.10791016]]
[[ 82.51851461]
 [ 37.12718348]
 [  3.12386586]]
<<<<<<<<<<<<<<<<<<<<<<<<<<<<<<<
>>>>>>>>>>>>>>>>>>>>>>>>>>>>>>
[[ 82.41162665]
 [ 37.07891059]
 [  3.10790902]]
[[ 82.51805527]
 [ 37.12688668]
 [  3.12090527]]
<<<<<<<<<<<<<<<<<<<<<<<<<<<<<<<
>>>>>>>>>>>>>>>>>>>>>>>>>>>>>>
[[ 82.41162302]
 [ 37.07890949]
 [  3.10791925]]
[[ 82.51759494]
 [ 37.12677152]
 [  3.12386411]]
<<<<<<<<<<<<<<<<<<<<<<<<<<<<<<<
>>>>>>>>>>>>>>>>>>>>>>>>>>>>>>
[[ 82.41162122]
 [ 37.07890895]
 [  3.10792433]]
[[ 82.51736765]
 [ 37.12628019]
 [  3.16156686]]
<<<<<<<<<<<<<<<<<<<<<<<<<<<<<<<
>>>>>>>>>>>>>>>>>>>>>>>>>>>>>>
[[ 82.41162333]
 [ 37.07890894]
 [  3.10791808]]
[[ 82.51714296]
 [ 37.12656414]
 [  3.12370392]]
<<<<<<<<<<<<<<<<<<<<<<<<<<<<<<<
>>>>>>>>>>>>>>>>>>>>>>>>>>>>>>
[[ 82.41162153]
 [ 37.0789084 ]
 [  3.10792315]]
[[ 82.51691646]
 [ 37.12646219]
 [  3.12367798]]
<<<<<<<<<<<<<<<<<<<<<<<<<<<<<<<
>>>>>>>>>>>>>>>>>>>>>>>>>>>>>>
[[ 82.41161813]
 [ 37.07890875]
 [  3.10793294]]
[[ 82.51646699]
 [ 37.12617481]
 [  3.12080009]]
<<<<<<<<<<<<<<<<<<<<<<<<<<<<<<<
>>>>>>>>>>>>>>>>>>>>>>>>>>>>>>
[[ 82.41161636]
 [ 37.07890821]
 [  3.10793794]]
[[ 82.51624291]
 [ 37.12615607]
 [  3.1234486 ]]
<<<<<<<<<<<<<<<<<<<<<<<<<<<<<<<
>>>>>>>>>>>>>>>>>>>>>>>>>>>>>>
[[ 82.41161459]
 [ 37.07890767]
 [  3.10794292]]
[[ 82.51602129]
 [ 37.12572317]
 [  3.16007456]]
<<<<<<<<<<<<<<<<<<<<<<<<<<<<<<<
>>>>>>>>>>>>>>>>>>>>>>>>>>>>>>
[[ 82.41161668]
 [ 37.07890766]
 [  3.10793671]]
[[ 82.51580202]
 [ 37.12596762]
 [  3.12377124]]
<<<<<<<<<<<<<<<<<<<<<<<<<<<<<<<
>>>>>>>>>>>>>>>>>>>>>>>>>>>>>>
[[ 82.41161544]
 [ 37.07890711]
 [  3.10794167]]
[[ 82.51558176]
 [ 37.12586274]
 [  3.12355068]]
<<<<<<<<<<<<<<<<<<<<<<<<<<<<<<<
>>>>>>>>>>>>>>>>>>>>>>>>>>>>>>
[[ 82.41161369]
 [ 37.07890658]
 [  3.10794661]]
[[ 82.51536284]
 [ 37.1259711 ]
 [  3.13891389]]
<<<<<<<<<<<<<<<<<<<<<<<<<<<<<<<
>>>>>>>>>>>>>>>>>>>>>>>>>>>>>>
[[ 82.41161194]
 [ 37.07890605]
 [  3.10795153]]
[[ 82.51514352]
 [ 37.12557278]
 [  3.12048835]]
<<<<<<<<<<<<<<<<<<<<<<<<<<<<<<<
>>>>>>>>>>>>>>>>>>>>>>>>>>>>>>
[[ 82.41161228]
 [ 37.07890552]
 [  3.10795025]]
[[ 82.51471281]
 [ 37.12512295]
 [  3.15967668]]
<<<<<<<<<<<<<<<<<<<<<<<<<<<<<<<
>>>>>>>>>>>>>>>>>>>>>>>>>>>>>>
[[ 82.41161055]
 [ 37.078905  ]
 [  3.10795513]]
[[ 82.51449596]
 [ 37.12528424]
 [  3.12053047]]
<<<<<<<<<<<<<<<<<<<<<<<<<<<<<<<
>>>>>>>>>>>>>>>>>>>>>>>>>>>>>>
[[ 82.4116109 ]
 [ 37.07890448]
 [  3.10795385]]
[[ 82.51406993]
 [ 37.12509032]
 [  3.12044108]]
<<<<<<<<<<<<<<<<<<<<<<<<<<<<<<<
>>>>>>>>>>>>>>>>>>>>>>>>>>>>>>
[[ 82.41160934]
 [ 37.07890535]
 [  3.10795844]]
[[ 82.51385652]
 [ 37.12499235]
 [  3.12031916]]
<<<<<<<<<<<<<<<<<<<<<<<<<<<<<<<
>>>>>>>>>>>>>>>>>>>>>>>>>>>>>>
[[ 82.4116152 ]
 [ 37.07890584]
 [  3.10794134]]
[[ 82.51365089]
 [ 37.12498743]
 [  3.12319975]]
<<<<<<<<<<<<<<<<<<<<<<<<<<<<<<<
>>>>>>>>>>>>>>>>>>>>>>>>>>>>>>
[[ 82.41161177]
 [ 37.07890481]
 [  3.10795102]]
[[ 82.5132288 ]
 [ 37.12500352]
 [  3.13757238]]
<<<<<<<<<<<<<<<<<<<<<<<<<<<<<<<
>>>>>>>>>>>>>>>>>>>>>>>>>>>>>>
[[ 82.41161006]
 [ 37.07890429]
 [  3.10795583]]
[[ 82.51301797]
 [ 37.12470129]
 [  3.12308246]]
<<<<<<<<<<<<<<<<<<<<<<<<<<<<<<<
>>>>>>>>>>>>>>>>>>>>>>>>>>>>>>
[[ 82.41161413]
 [ 37.07890429]
 [  3.10794374]]
[[ 82.51260827]
 [ 37.12443056]
 [  3.12027612]]
<<<<<<<<<<<<<<<<<<<<<<<<<<<<<<<
>>>>>>>>>>>>>>>>>>>>>>>>>>>>>>
[[ 82.41161446]
 [ 37.07890378]
 [  3.10794253]]
[[ 82.51219774]
 [ 37.12424051]
 [  3.12009417]]
<<<<<<<<<<<<<<<<<<<<<<<<<<<<<<<
>>>>>>>>>>>>>>>>>>>>>>>>>>>>>>
[[ 82.41162472]
 [ 37.07890421]
 [  3.10791385]]
[[ 82.51159414]
 [ 37.12413374]
 [  3.12599585]]
<<<<<<<<<<<<<<<<<<<<<<<<<<<<<<<
>>>>>>>>>>>>>>>>>>>>>>>>>>>>>>
[[ 82.41162317]
 [ 37.07890506]
 [  3.1079184 ]]
[[ 82.51139415]
 [ 37.12396534]
 [  3.12289128]]
<<<<<<<<<<<<<<<<<<<<<<<<<<<<<<<
>>>>>>>>>>>>>>>>>>>>>>>>>>>>>>
[[ 82.41161845]
 [ 37.07890538]
 [  3.10793361]]
[[ 82.51118853]
 [ 37.12387256]
 [  3.12279221]]
<<<<<<<<<<<<<<<<<<<<<<<<<<<<<<<
>>>>>>>>>>>>>>>>>>>>>>>>>>>>>>
[[ 82.41161325]
 [ 37.07890572]
 [  3.10794875]]
[[ 82.51098326]
 [ 37.12377651]
 [  3.12256508]]
<<<<<<<<<<<<<<<<<<<<<<<<<<<<<<<
>>>>>>>>>>>>>>>>>>>>>>>>>>>>>>
[[ 82.41161007]
 [ 37.07890606]
 [  3.10795789]]
[[ 82.51058262]
 [ 37.1235163 ]
 [  3.11989834]]
<<<<<<<<<<<<<<<<<<<<<<<<<<<<<<<
>>>>>>>>>>>>>>>>>>>>>>>>>>>>>>
[[ 82.41161206]
 [ 37.07890605]
 [  3.10795197]]
[[ 82.51038652]
 [ 37.12351496]
 [  3.12272904]]
<<<<<<<<<<<<<<<<<<<<<<<<<<<<<<<
>>>>>>>>>>>>>>>>>>>>>>>>>>>>>>
[[ 82.41161968]
 [ 37.07890651]
 [  3.10792963]]
[[ 82.51000109]
 [ 37.12333832]
 [  3.12266245]]
<<<<<<<<<<<<<<<<<<<<<<<<<<<<<<<
>>>>>>>>>>>>>>>>>>>>>>>>>>>>>>
[[ 82.41161997]
 [ 37.07890601]
 [  3.1079285 ]]
[[ 82.50961144]
 [ 37.12316342]
 [  3.1226642 ]]
<<<<<<<<<<<<<<<<<<<<<<<<<<<<<<<
>>>>>>>>>>>>>>>>>>>>>>>>>>>>>>
[[ 82.41162387]
 [ 37.078906  ]
 [  3.10791693]]
[[ 82.50922895]
 [ 37.1229033 ]
 [  3.11979856]]
<<<<<<<<<<<<<<<<<<<<<<<<<<<<<<<
>>>>>>>>>>>>>>>>>>>>>>>>>>>>>>
[[ 82.41162773]
 [ 37.07890598]
 [  3.10790544]]
[[ 82.50884953]
 [ 37.12254309]
 [  3.15563619]]
<<<<<<<<<<<<<<<<<<<<<<<<<<<<<<<
>>>>>>>>>>>>>>>>>>>>>>>>>>>>>>
[[ 82.41162799]
 [ 37.07890549]
 [  3.10790443]]
[[ 82.50846145]
 [ 37.12287129]
 [  3.13536642]]
<<<<<<<<<<<<<<<<<<<<<<<<<<<<<<<
>>>>>>>>>>>>>>>>>>>>>>>>>>>>>>
[[ 82.41162824]
 [ 37.07890499]
 [  3.10790342]]
[[ 82.50809076]
 [ 37.12238773]
 [  3.11965737]]
<<<<<<<<<<<<<<<<<<<<<<<<<<<<<<<
>>>>>>>>>>>>>>>>>>>>>>>>>>>>>>
[[ 82.41163562]
 [ 37.07890545]
 [  3.10788178]]
[[ 82.50772291]
 [ 37.12230079]
 [  3.12225914]]
<<<<<<<<<<<<<<<<<<<<<<<<<<<<<<<
>>>>>>>>>>>>>>>>>>>>>>>>>>>>>>
[[ 82.41163397]
 [ 37.07890496]
 [  3.10788646]]
[[ 82.50753521]
 [ 37.12213624]
 [  3.11961868]]
<<<<<<<<<<<<<<<<<<<<<<<<<<<<<<<
>>>>>>>>>>>>>>>>>>>>>>>>>>>>>>
[[ 82.4116342 ]
 [ 37.07890447]
 [  3.10788553]]
[[ 82.50716523]
 [ 37.12224177]
 [  3.13627117]]
<<<<<<<<<<<<<<<<<<<<<<<<<<<<<<<
>>>>>>>>>>>>>>>>>>>>>>>>>>>>>>
[[ 82.41163255]
 [ 37.07890399]
 [  3.10789018]]
[[ 82.50697903]
 [ 37.12188369]
 [  3.11950931]]
<<<<<<<<<<<<<<<<<<<<<<<<<<<<<<<
>>>>>>>>>>>>>>>>>>>>>>>>>>>>>>
[[ 82.41162802]
 [ 37.0789043 ]
 [  3.10790476]]
[[ 82.50679099]
 [ 37.12180139]
 [  3.11950491]]
<<<<<<<<<<<<<<<<<<<<<<<<<<<<<<<
>>>>>>>>>>>>>>>>>>>>>>>>>>>>>>
[[ 82.41162141]
 [ 37.07890415]
 [  3.10792385]]
[[ 82.50641918]
 [ 37.12171295]
 [  3.12196037]]
<<<<<<<<<<<<<<<<<<<<<<<<<<<<<<<
>>>>>>>>>>>>>>>>>>>>>>>>>>>>>>
[[ 82.41161981]
 [ 37.07890367]
 [  3.10792838]]
[[ 82.5062359 ]
 [ 37.12163944]
 [  3.12224453]]
<<<<<<<<<<<<<<<<<<<<<<<<<<<<<<<
>>>>>>>>>>>>>>>>>>>>>>>>>>>>>>
[[ 82.41162009]
 [ 37.0789032 ]
 [  3.10792731]]
[[ 82.50587547]
 [ 37.12147506]
 [  3.12215388]]
<<<<<<<<<<<<<<<<<<<<<<<<<<<<<<<
>>>>>>>>>>>>>>>>>>>>>>>>>>>>>>
[[ 82.41162547]
 [ 37.07890365]
 [  3.10791161]]
[[ 82.50570157]
 [ 37.12138869]
 [  3.12190463]]
<<<<<<<<<<<<<<<<<<<<<<<<<<<<<<<
>>>>>>>>>>>>>>>>>>>>>>>>>>>>>>
[[ 82.41162733]
 [ 37.07890365]
 [  3.10790607]]
[[ 82.50552595]
 [ 37.12105242]
 [  3.15401231]]
<<<<<<<<<<<<<<<<<<<<<<<<<<<<<<<
>>>>>>>>>>>>>>>>>>>>>>>>>>>>>>
[[ 82.41162573]
 [ 37.07890318]
 [  3.1079106 ]]
[[ 82.50534524]
 [ 37.12122232]
 [  3.12168038]]
<<<<<<<<<<<<<<<<<<<<<<<<<<<<<<<
>>>>>>>>>>>>>>>>>>>>>>>>>>>>>>
[[ 82.41162413]
 [ 37.07890271]
 [  3.10791511]]
[[ 82.50516693]
 [ 37.12107258]
 [  3.11941527]]
<<<<<<<<<<<<<<<<<<<<<<<<<<<<<<<
>>>>>>>>>>>>>>>>>>>>>>>>>>>>>>
[[ 82.41161923]
 [ 37.07890303]
 [  3.10792937]]
[[ 82.50498541]
 [ 37.12099127]
 [  3.11934695]]
<<<<<<<<<<<<<<<<<<<<<<<<<<<<<<<
>>>>>>>>>>>>>>>>>>>>>>>>>>>>>>
[[ 82.41161765]
 [ 37.07890256]
 [  3.10793383]]
[[ 82.50480374]
 [ 37.12119336]
 [  3.13368972]]
<<<<<<<<<<<<<<<<<<<<<<<<<<<<<<<
>>>>>>>>>>>>>>>>>>>>>>>>>>>>>>
[[ 82.41161608]
 [ 37.0789021 ]
 [  3.10793827]]
[[ 82.50463056]
 [ 37.12091015]
 [  3.12187142]]
<<<<<<<<<<<<<<<<<<<<<<<<<<<<<<<
>>>>>>>>>>>>>>>>>>>>>>>>>>>>>>
[[ 82.41161465]
 [ 37.0789029 ]
 [  3.10794246]]
[[ 82.50445492]
 [ 37.12075409]
 [  3.11929659]]
<<<<<<<<<<<<<<<<<<<<<<<<<<<<<<<
>>>>>>>>>>>>>>>>>>>>>>>>>>>>>>
[[ 82.41161309]
 [ 37.07890243]
 [  3.10794687]]
[[ 82.50427927]
 [ 37.12067457]
 [  3.11925949]]
<<<<<<<<<<<<<<<<<<<<<<<<<<<<<<<
>>>>>>>>>>>>>>>>>>>>>>>>>>>>>>
[[ 82.41162367]
 [ 37.07890332]
 [  3.10791599]]
[[ 82.50394394]
 [ 37.12051966]
 [  3.11919357]]
<<<<<<<<<<<<<<<<<<<<<<<<<<<<<<<
>>>>>>>>>>>>>>>>>>>>>>>>>>>>>>
[[ 82.41162225]
 [ 37.07890411]
 [  3.10792019]]
[[ 82.5037698 ]
 [ 37.12052359]
 [  3.1218164 ]]
<<<<<<<<<<<<<<<<<<<<<<<<<<<<<<<
>>>>>>>>>>>>>>>>>>>>>>>>>>>>>>
[[ 82.41162408]
 [ 37.07890411]
 [  3.10791475]]
[[ 82.50360029]
 [ 37.12043802]
 [  3.12149685]]
<<<<<<<<<<<<<<<<<<<<<<<<<<<<<<<
>>>>>>>>>>>>>>>>>>>>>>>>>>>>>>
[[ 82.41161926]
 [ 37.07890442]
 [  3.10792877]]
[[ 82.50342547]
 [ 37.12055336]
 [  3.13486025]]
<<<<<<<<<<<<<<<<<<<<<<<<<<<<<<<
>>>>>>>>>>>>>>>>>>>>>>>>>>>>>>
[[ 82.41162109]
 [ 37.07890442]
 [  3.10792334]]
[[ 82.50342735]
 [ 37.12055308]
 [  3.13463858]]
<<<<<<<<<<<<<<<<<<<<<<<<<<<<<<<
>>>>>>>>>>>>>>>>>>>>>>>>>>>>>>
[[ 82.41162136]
 [ 37.07890396]
 [  3.10792231]]
[[ 82.50308775]
 [ 37.12013615]
 [  3.11911875]]
<<<<<<<<<<<<<<<<<<<<<<<<<<<<<<<
>>>>>>>>>>>>>>>>>>>>>>>>>>>>>>
[[ 82.41162499]
 [ 37.07890396]
 [  3.10791153]]
[[ 82.50275233]
 [ 37.12024721]
 [  3.13285083]]
<<<<<<<<<<<<<<<<<<<<<<<<<<<<<<<
>>>>>>>>>>>>>>>>>>>>>>>>>>>>>>
[[ 82.41163244]
 [ 37.07890436]
 [  3.10789106]]
[[ 82.50242642]
 [ 37.11990777]
 [  3.12141648]]
<<<<<<<<<<<<<<<<<<<<<<<<<<<<<<<
>>>>>>>>>>>>>>>>>>>>>>>>>>>>>>
[[ 82.41162991]
 [ 37.07890465]
 [  3.10789962]]
[[ 82.50209165]
 [ 37.11976096]
 [  3.12147956]]
<<<<<<<<<<<<<<<<<<<<<<<<<<<<<<<
>>>>>>>>>>>>>>>>>>>>>>>>>>>>>>
[[ 82.41163169]
 [ 37.07890465]
 [  3.10789432]]
[[ 82.50192808]
 [ 37.11967843]
 [  3.12116252]]
<<<<<<<<<<<<<<<<<<<<<<<<<<<<<<<
>>>>>>>>>>>>>>>>>>>>>>>>>>>>>>
[[ 82.41163859]
 [ 37.07890507]
 [  3.1078741 ]]
[[ 82.50160073]
 [ 37.11974875]
 [  3.13302107]]
<<<<<<<<<<<<<<<<<<<<<<<<<<<<<<<
>>>>>>>>>>>>>>>>>>>>>>>>>>>>>>
[[ 82.41163385]
 [ 37.07890538]
 [  3.10788789]]
[[ 82.50143846]
 [ 37.11945878]
 [  3.12115401]]
<<<<<<<<<<<<<<<<<<<<<<<<<<<<<<<
>>>>>>>>>>>>>>>>>>>>>>>>>>>>>>
[[ 82.4116407 ]
 [ 37.0789058 ]
 [  3.10786779]]
[[ 82.50111458]
 [ 37.11952084]
 [  3.13204632]]
<<<<<<<<<<<<<<<<<<<<<<<<<<<<<<<
>>>>>>>>>>>>>>>>>>>>>>>>>>>>>>
[[ 82.41164245]
 [ 37.0789058 ]
 [  3.10786261]]
[[ 82.50096045]
 [ 37.1192336 ]
 [  3.12085407]]
<<<<<<<<<<<<<<<<<<<<<<<<<<<<<<<
>>>>>>>>>>>>>>>>>>>>>>>>>>>>>>
[[ 82.41163993]
 [ 37.07890608]
 [  3.10787114]]
[[ 82.50063678]
 [ 37.11908967]
 [  3.12086345]]
<<<<<<<<<<<<<<<<<<<<<<<<<<<<<<<
>>>>>>>>>>>>>>>>>>>>>>>>>>>>>>
[[ 82.41164166]
 [ 37.07890607]
 [  3.10786597]]
[[ 82.50047819]
 [ 37.11902445]
 [  3.12106421]]
<<<<<<<<<<<<<<<<<<<<<<<<<<<<<<<
>>>>>>>>>>>>>>>>>>>>>>>>>>>>>>
[[ 82.41164528]
 [ 37.07890724]
 [  3.10785544]]
[[ 82.50016417]
 [ 37.11887594]
 [  3.12080973]]
<<<<<<<<<<<<<<<<<<<<<<<<<<<<<<<
>>>>>>>>>>>>>>>>>>>>>>>>>>>>>>
[[ 82.41164559]
 [ 37.07890798]
 [  3.10785447]]
[[ 82.49984846]
 [ 37.11873728]
 [  3.12086673]]
<<<<<<<<<<<<<<<<<<<<<<<<<<<<<<<
>>>>>>>>>>>>>>>>>>>>>>>>>>>>>>
[[ 82.41164405]
 [ 37.07890753]
 [  3.10785881]]
[[ 82.49968987]
 [ 37.11866508]
 [  3.12081888]]
<<<<<<<<<<<<<<<<<<<<<<<<<<<<<<<
>>>>>>>>>>>>>>>>>>>>>>>>>>>>>>
[[ 82.41165073]
 [ 37.07890794]
 [  3.10783922]]
[[ 82.49938409]
 [ 37.1185301 ]
 [  3.12095449]]
<<<<<<<<<<<<<<<<<<<<<<<<<<<<<<<
>>>>>>>>>>>>>>>>>>>>>>>>>>>>>>
[[ 82.41165088]
 [ 37.07890748]
 [  3.10783853]]
[[ 82.49907392]
 [ 37.11825993]
 [  3.11706565]]
<<<<<<<<<<<<<<<<<<<<<<<<<<<<<<<
>>>>>>>>>>>>>>>>>>>>>>>>>>>>>>
[[ 82.41165425]
 [ 37.07890747]
 [  3.10782852]]
[[ 82.4987692 ]
 [ 37.11824177]
 [  3.1205408 ]]
<<<<<<<<<<<<<<<<<<<<<<<<<<<<<<<
>>>>>>>>>>>>>>>>>>>>>>>>>>>>>>
[[ 82.41165452]
 [ 37.0789082 ]
 [  3.10782766]]
[[ 82.49846358]
 [ 37.11810602]
 [  3.12055207]]
<<<<<<<<<<<<<<<<<<<<<<<<<<<<<<<
>>>>>>>>>>>>>>>>>>>>>>>>>>>>>>
[[ 82.41164854]
 [ 37.07890922]
 [  3.10784512]]
[[ 82.49815442]
 [ 37.11790166]
 [  3.11832672]]
<<<<<<<<<<<<<<<<<<<<<<<<<<<<<<<
>>>>>>>>>>>>>>>>>>>>>>>>>>>>>>
[[ 82.41165509]
 [ 37.07890961]
 [  3.10782592]]
[[ 82.49785752]
 [ 37.11801681]
 [  3.13108454]]
<<<<<<<<<<<<<<<<<<<<<<<<<<<<<<<
>>>>>>>>>>>>>>>>>>>>>>>>>>>>>>
[[ 82.41165095]
 [ 37.07890988]
 [  3.10783921]]
[[ 82.49770335]
 [ 37.11794993]
 [  3.13121428]]
<<<<<<<<<<<<<<<<<<<<<<<<<<<<<<<
>>>>>>>>>>>>>>>>>>>>>>>>>>>>>>
[[ 82.41165261]
 [ 37.07890987]
 [  3.10783428]]
[[ 82.49755676]
 [ 37.11770117]
 [  3.12049836]]
<<<<<<<<<<<<<<<<<<<<<<<<<<<<<<<
>>>>>>>>>>>>>>>>>>>>>>>>>>>>>>
[[ 82.41165426]
 [ 37.07890986]
 [  3.10782936]]
[[ 82.49740961]
 [ 37.1176346 ]
 [  3.12050407]]
<<<<<<<<<<<<<<<<<<<<<<<<<<<<<<<
>>>>>>>>>>>>>>>>>>>>>>>>>>>>>>
[[ 82.41164864]
 [ 37.07890968]
 [  3.10784682]]
[[ 82.49710742]
 [ 37.11749353]
 [  3.12022597]]
<<<<<<<<<<<<<<<<<<<<<<<<<<<<<<<
>>>>>>>>>>>>>>>>>>>>>>>>>>>>>>
[[ 82.41165029]
 [ 37.07890967]
 [  3.1078419 ]]
[[ 82.49696162]
 [ 37.11742854]
 [  3.12025455]]
<<<<<<<<<<<<<<<<<<<<<<<<<<<<<<<
>>>>>>>>>>>>>>>>>>>>>>>>>>>>>>
[[ 82.41164893]
 [ 37.07891039]
 [  3.10784591]]
[[ 82.49681282]
 [ 37.11743574]
 [  3.12314712]]
<<<<<<<<<<<<<<<<<<<<<<<<<<<<<<<
>>>>>>>>>>>>>>>>>>>>>>>>>>>>>>
[[ 82.41165374]
 [ 37.07891079]
 [  3.10783186]]
[[ 82.4966637 ]
 [ 37.11751829]
 [  3.13128553]]
<<<<<<<<<<<<<<<<<<<<<<<<<<<<<<<
>>>>>>>>>>>>>>>>>>>>>>>>>>>>>>
[[ 82.41164966]
 [ 37.07891105]
 [  3.10784497]]
[[ 82.49653383]
 [ 37.11665079]
 [  3.16161756]]
<<<<<<<<<<<<<<<<<<<<<<<<<<<<<<<
>>>>>>>>>>>>>>>>>>>>>>>>>>>>>>
[[ 82.4116513 ]
 [ 37.07891103]
 [  3.10784009]]
[[ 82.49637802]
 [ 37.1171775 ]
 [  3.1205827 ]]
<<<<<<<<<<<<<<<<<<<<<<<<<<<<<<<
>>>>>>>>>>>>>>>>>>>>>>>>>>>>>>
[[ 82.41164845]
 [ 37.0789113 ]
 [  3.10784826]]
[[ 82.49608613]
 [ 37.11697168]
 [  3.11808228]]
<<<<<<<<<<<<<<<<<<<<<<<<<<<<<<<
>>>>>>>>>>>>>>>>>>>>>>>>>>>>>>
[[ 82.41165322]
 [ 37.07891169]
 [  3.10783433]]
[[ 82.49594666]
 [ 37.11697791]
 [  3.12035053]]
<<<<<<<<<<<<<<<<<<<<<<<<<<<<<<<
>>>>>>>>>>>>>>>>>>>>>>>>>>>>>>
[[ 82.41165174]
 [ 37.07891125]
 [  3.10783851]]
[[ 82.49581179]
 [ 37.11622707]
 [  3.16010851]]
<<<<<<<<<<<<<<<<<<<<<<<<<<<<<<<
>>>>>>>>>>>>>>>>>>>>>>>>>>>>>>
[[ 82.41165649]
 [ 37.07891164]
 [  3.10782465]]
[[ 82.49566354]
 [ 37.1168431 ]
 [  3.12010824]]
<<<<<<<<<<<<<<<<<<<<<<<<<<<<<<<
>>>>>>>>>>>>>>>>>>>>>>>>>>>>>>
[[ 82.411655  ]
 [ 37.07891121]
 [  3.10782884]]
[[ 82.49551936]
 [ 37.11678342]
 [  3.1202627 ]]
<<<<<<<<<<<<<<<<<<<<<<<<<<<<<<<
>>>>>>>>>>>>>>>>>>>>>>>>>>>>>>
[[ 82.41165365]
 [ 37.07891191]
 [  3.1078328 ]]
[[ 82.49537602]
 [ 37.11671831]
 [  3.12018616]]
<<<<<<<<<<<<<<<<<<<<<<<<<<<<<<<
>>>>>>>>>>>>>>>>>>>>>>>>>>>>>>
[[ 82.41165526]
 [ 37.0789119 ]
 [  3.10782801]]
[[ 82.49523611]
 [ 37.11665528]
 [  3.12019193]]
<<<<<<<<<<<<<<<<<<<<<<<<<<<<<<<
>>>>>>>>>>>>>>>>>>>>>>>>>>>>>>
[[ 82.41166157]
 [ 37.07891227]
 [  3.10780951]]
[[ 82.49495543]
 [ 37.11672538]
 [  3.13067626]]
<<<<<<<<<<<<<<<<<<<<<<<<<<<<<<<
>>>>>>>>>>>>>>>>>>>>>>>>>>>>>>
[[ 82.41167092]
 [ 37.07891303]
 [  3.1077822 ]]
[[ 82.49469062]
 [ 37.11640642]
 [  3.12019374]]
<<<<<<<<<<<<<<<<<<<<<<<<<<<<<<<
>>>>>>>>>>>>>>>>>>>>>>>>>>>>>>
[[ 82.41167405]
 [ 37.078913  ]
 [  3.10777288]]
[[ 82.49441576]
 [ 37.11627576]
 [  3.11995416]]
<<<<<<<<<<<<<<<<<<<<<<<<<<<<<<<
>>>>>>>>>>>>>>>>>>>>>>>>>>>>>>
[[ 82.41167716]
 [ 37.07891297]
 [  3.10776362]]
[[ 82.49414287]
 [ 37.11615301]
 [  3.11997103]]
<<<<<<<<<<<<<<<<<<<<<<<<<<<<<<<
>>>>>>>>>>>>>>>>>>>>>>>>>>>>>>
[[ 82.41168177]
 [ 37.07891334]
 [  3.10775015]]
[[ 82.49401018]
 [ 37.11609169]
 [  3.11994794]]
<<<<<<<<<<<<<<<<<<<<<<<<<<<<<<<
>>>>>>>>>>>>>>>>>>>>>>>>>>>>>>
[[ 82.41168331]
 [ 37.07891333]
 [  3.10774558]]
[[ 82.49391749]
 [ 37.09621033]
 [  3.18184214]]
<<<<<<<<<<<<<<<<<<<<<<<<<<<<<<<
>>>>>>>>>>>>>>>>>>>>>>>>>>>>>>
[[ 82.41169246]
 [ 37.07891408]
 [  3.10771884]]
[[ 82.49362354]
 [ 37.11519479]
 [  3.15961686]]
<<<<<<<<<<<<<<<<<<<<<<<<<<<<<<<
>>>>>>>>>>>>>>>>>>>>>>>>>>>>>>
[[ 82.41169247]
 [ 37.07891363]
 [  3.1077186 ]]
[[ 82.49334134]
 [ 37.11578405]
 [  3.11978872]]
<<<<<<<<<<<<<<<<<<<<<<<<<<<<<<<
>>>>>>>>>>>>>>>>>>>>>>>>>>>>>>
[[ 82.41169548]
 [ 37.0789136 ]
 [  3.10770965]]
[[ 82.49307092]
 [ 37.11584754]
 [  3.12953337]]
<<<<<<<<<<<<<<<<<<<<<<<<<<<<<<<
>>>>>>>>>>>>>>>>>>>>>>>>>>>>>>
[[ 82.41170753]
 [ 37.07891471]
 [  3.10767453]]
[[ 82.49282031]
 [ 37.11554202]
 [  3.11960954]]
<<<<<<<<<<<<<<<<<<<<<<<<<<<<<<<
>>>>>>>>>>>>>>>>>>>>>>>>>>>>>>
[[ 82.41171047]
 [ 37.07891467]
 [  3.10766577]]
[[ 82.49255821]
 [ 37.11541991]
 [  3.11948947]]
<<<<<<<<<<<<<<<<<<<<<<<<<<<<<<<
>>>>>>>>>>>>>>>>>>>>>>>>>>>>>>
[[ 82.41171193]
 [ 37.07891465]
 [  3.10766142]]
[[ 82.49242766]
 [ 37.11536608]
 [  3.11966776]]
<<<<<<<<<<<<<<<<<<<<<<<<<<<<<<<
>>>>>>>>>>>>>>>>>>>>>>>>>>>>>>
[[ 82.41171639]
 [ 37.07891502]
 [  3.10764841]]
[[ 82.49230061]
 [ 37.11530251]
 [  3.11947661]]
<<<<<<<<<<<<<<<<<<<<<<<<<<<<<<<
>>>>>>>>>>>>>>>>>>>>>>>>>>>>>>
[[ 82.41172227]
 [ 37.07891537]
 [  3.10763115]]
[[ 82.49203954]
 [ 37.11537424]
 [  3.12934115]]
<<<<<<<<<<<<<<<<<<<<<<<<<<<<<<<
>>>>>>>>>>>>>>>>>>>>>>>>>>>>>>
[[ 82.41172513]
 [ 37.07891533]
 [  3.10762262]]
[[ 82.49178294]
 [ 37.11525477]
 [  3.1295017 ]]
<<<<<<<<<<<<<<<<<<<<<<<<<<<<<<<
>>>>>>>>>>>>>>>>>>>>>>>>>>>>>>
[[ 82.41173393]
 [ 37.07891603]
 [  3.10759694]]
[[ 82.49153873]
 [ 37.11478944]
 [  3.14577008]]
<<<<<<<<<<<<<<<<<<<<<<<<<<<<<<<
>>>>>>>>>>>>>>>>>>>>>>>>>>>>>>
[[ 82.41173392]
 [ 37.07891667]
 [  3.10759689]]
[[ 82.49128194]
 [ 37.1146906 ]
 [  3.14529013]]
<<<<<<<<<<<<<<<<<<<<<<<<<<<<<<<
>>>>>>>>>>>>>>>>>>>>>>>>>>>>>>
[[ 82.41173687]
 [ 37.07891769]
 [  3.10758832]]
[[ 82.49102952]
 [ 37.11489052]
 [  3.13040493]]
<<<<<<<<<<<<<<<<<<<<<<<<<<<<<<<
>>>>>>>>>>>>>>>>>>>>>>>>>>>>>>
[[ 82.41173546]
 [ 37.07891835]
 [  3.10759245]]
[[ 82.49090048]
 [ 37.11466812]
 [  3.11932118]]
<<<<<<<<<<<<<<<<<<<<<<<<<<<<<<<
>>>>>>>>>>>>>>>>>>>>>>>>>>>>>>
[[ 82.41174118]
 [ 37.07891867]
 [  3.10757568]]
[[ 82.49065373]
 [ 37.11454828]
 [  3.11906199]]
<<<<<<<<<<<<<<<<<<<<<<<<<<<<<<<
>>>>>>>>>>>>>>>>>>>>>>>>>>>>>>
[[ 82.41174255]
 [ 37.07891865]
 [  3.10757157]]
[[ 82.49053495]
 [ 37.10798316]
 [  3.18401664]]
<<<<<<<<<<<<<<<<<<<<<<<<<<<<<<<
>>>>>>>>>>>>>>>>>>>>>>>>>>>>>>
[[ 82.41174393]
 [ 37.07891863]
 [  3.10756748]]
[[ 82.4904052 ]
 [ 37.11444207]
 [  3.11926207]]
<<<<<<<<<<<<<<<<<<<<<<<<<<<<<<<
>>>>>>>>>>>>>>>>>>>>>>>>>>>>>>
[[ 82.41174666]
 [ 37.07891858]
 [  3.10755933]]
[[ 82.49015842]
 [ 37.11433437]
 [  3.11939493]]
<<<<<<<<<<<<<<<<<<<<<<<<<<<<<<<
>>>>>>>>>>>>>>>>>>>>>>>>>>>>>>
[[ 82.41175229]
 [ 37.0789189 ]
 [  3.10754282]]
[[ 82.48991637]
 [ 37.11421524]
 [  3.11908303]]
<<<<<<<<<<<<<<<<<<<<<<<<<<<<<<<
>>>>>>>>>>>>>>>>>>>>>>>>>>>>>>
[[ 82.41176078]
 [ 37.0789196 ]
 [  3.10751803]]
[[ 82.48967764]
 [ 37.11426421]
 [  3.12831645]]
<<<<<<<<<<<<<<<<<<<<<<<<<<<<<<<
>>>>>>>>>>>>>>>>>>>>>>>>>>>>>>
[[ 82.41176501]
 [ 37.07891994]
 [  3.10750569]]
[[ 82.48956088]
 [ 37.11391598]
 [  3.14414749]]
<<<<<<<<<<<<<<<<<<<<<<<<<<<<<<<
>>>>>>>>>>>>>>>>>>>>>>>>>>>>>>
[[ 82.41177053]
 [ 37.07892026]
 [  3.10748948]]
[[ 82.48932168]
 [ 37.1139376 ]
 [  3.11886177]]
<<<<<<<<<<<<<<<<<<<<<<<<<<<<<<<
>>>>>>>>>>>>>>>>>>>>>>>>>>>>>>
[[ 82.41177184]
 [ 37.07892024]
 [  3.10748558]]
[[ 82.48920137]
 [ 37.11388518]
 [  3.11891883]]
<<<<<<<<<<<<<<<<<<<<<<<<<<<<<<<
>>>>>>>>>>>>>>>>>>>>>>>>>>>>>>
[[ 82.41178019]
 [ 37.07892092]
 [  3.1074612 ]]
[[ 82.48896687]
 [ 37.1139389 ]
 [  3.12840309]]
<<<<<<<<<<<<<<<<<<<<<<<<<<<<<<<
>>>>>>>>>>>>>>>>>>>>>>>>>>>>>>
[[ 82.41177992]
 [ 37.07892048]
 [  3.10746178]]
[[ 82.48872731]
 [ 37.11366641]
 [  3.11876896]]
<<<<<<<<<<<<<<<<<<<<<<<<<<<<<<<
>>>>>>>>>>>>>>>>>>>>>>>>>>>>>>
[[ 82.4117812 ]
 [ 37.07892045]
 [  3.10745795]]
[[ 82.48860921]
 [ 37.11361316]
 [  3.11878126]]
<<<<<<<<<<<<<<<<<<<<<<<<<<<<<<<
>>>>>>>>>>>>>>>>>>>>>>>>>>>>>>
[[ 82.41178534]
 [ 37.07892079]
 [  3.10744588]]
[[ 82.48849451]
 [ 37.11355991]
 [  3.1187734 ]]
<<<<<<<<<<<<<<<<<<<<<<<<<<<<<<<
>>>>>>>>>>>>>>>>>>>>>>>>>>>>>>
[[ 82.4117879 ]
 [ 37.07892072]
 [  3.10743828]]
[[ 82.48825961]
 [ 37.1134554 ]
 [  3.11881897]]
<<<<<<<<<<<<<<<<<<<<<<<<<<<<<<<
>>>>>>>>>>>>>>>>>>>>>>>>>>>>>>
[[ 82.41178773]
 [ 37.07892132]
 [  3.10743872]]
[[ 82.48802352]
 [ 37.11334192]
 [  3.11851282]]
<<<<<<<<<<<<<<<<<<<<<<<<<<<<<<<
>>>>>>>>>>>>>>>>>>>>>>>>>>>>>>
[[ 82.41178618]
 [ 37.07892091]
 [  3.10744312]]
[[ 82.4879046 ]
 [ 37.11328871]
 [  3.1185068 ]]
<<<<<<<<<<<<<<<<<<<<<<<<<<<<<<<
>>>>>>>>>>>>>>>>>>>>>>>>>>>>>>
[[ 82.41179434]
 [ 37.07892158]
 [  3.10741929]]
[[ 82.48767122]
 [ 37.11338819]
 [  3.13632992]]
<<<<<<<<<<<<<<<<<<<<<<<<<<<<<<<
>>>>>>>>>>>>>>>>>>>>>>>>>>>>>>
[[ 82.41178664]
 [ 37.07892202]
 [  3.10744391]]
[[ 82.48743987]
 [ 37.11324267]
 [  3.12994469]]
<<<<<<<<<<<<<<<<<<<<<<<<<<<<<<<
>>>>>>>>>>>>>>>>>>>>>>>>>>>>>>
[[ 82.41178406]
 [ 37.07892221]
 [  3.10745242]]
[[ 82.48720087]
 [ 37.11316351]
 [  3.12865436]]
<<<<<<<<<<<<<<<<<<<<<<<<<<<<<<<
>>>>>>>>>>>>>>>>>>>>>>>>>>>>>>
[[ 82.41178253]
 [ 37.0789218 ]
 [  3.10745675]]
[[ 82.48708959]
 [ 37.11292717]
 [  3.1185464 ]]
<<<<<<<<<<<<<<<<<<<<<<<<<<<<<<<
>>>>>>>>>>>>>>>>>>>>>>>>>>>>>>
[[ 82.41178506]
 [ 37.07892172]
 [  3.10744924]]
[[ 82.48686325]
 [ 37.11282613]
 [  3.11857934]]
<<<<<<<<<<<<<<<<<<<<<<<<<<<<<<<
>>>>>>>>>>>>>>>>>>>>>>>>>>>>>>
[[ 82.41178327]
 [ 37.07892236]
 [  3.10745337]]
[[ 82.48674817]
 [ 37.11271061]
 [  3.11647562]]
<<<<<<<<<<<<<<<<<<<<<<<<<<<<<<<
>>>>>>>>>>>>>>>>>>>>>>>>>>>>>>
[[ 82.41177896]
 [ 37.07892367]
 [  3.10746158]]
[[ 82.48651602]
 [ 37.11282868]
 [  3.12790534]]
<<<<<<<<<<<<<<<<<<<<<<<<<<<<<<<
>>>>>>>>>>>>>>>>>>>>>>>>>>>>>>
[[ 82.41178348]
 [ 37.078924  ]
 [  3.10744614]]
[[ 82.48629641]
 [ 37.11245639]
 [  3.11499728]]
<<<<<<<<<<<<<<<<<<<<<<<<<<<<<<<
>>>>>>>>>>>>>>>>>>>>>>>>>>>>>>
[[ 82.41177924]
 [ 37.07892321]
 [  3.10745836]]
[[ 82.48617951]
 [ 37.11257279]
 [  3.12055368]]
<<<<<<<<<<<<<<<<<<<<<<<<<<<<<<<
